10000
3755
3317
3778
3458
3792
4261
3110
4558
4221
4485
4413
4380
3924
3478
4138
4426
3852
4378
4679
3251
3333
3811
3961
4505
4113
3404
4020
4295
4819
4490
4143
3913
3431
4548
3465
4678
3381
4174
4489
4116
3664
3538
3385
3567
4778
4220
3377
4030
4137
4184
4466
3948
4026
3221
4055
4425
4654
4785
3466
4963
4454
3757
4053
4537
3828
3509
4512
4808
4562
4411
4106
4301
4197
3929
3611
4711
3441
4165
4275
4001
3651
3765
4224
4137
3356
4456
3701
4461
4372
4955
4440
4188
4462
4254
4671
3688
4273
4304
4309
4233
4352
4486
4446
3552
3942
4558
3581
3379
3767
4328
4149
3688
4929
4872
3633
4107
3991
4353
5107
3756
3732
4270
4183
4642
4850
4035
4532
4169
4371
5265
4017
4900
3432
4824
3921
4105
4326
4866
4570
3928
4930
3457
4429
4679
4055
4449
4895
4589
5070
3555
4178
4400
5010
4287
3519
4049
4933
3727
4120
5046
3562
4609
3900
4232
4458
4464
5053
3870
3486
4419
5073
4490
5233
5063
5033
4427
3774
4383
4062
3835
4439
5156
4748
4379
5066
5315
4011
4105
4763
4720
4852
4940
4870
4552
4370
3538
4170
4193
4036
5505
4983
4885
5143
5173
4073
4416
4101
4500
5065
4284
4214
4324
5474
4791
5015
4449
5383
4898
5621
3961
4320
4684
5198
4941
4206
4614
3826
5279
4669
4254
5055
4501
4846
5200
5365
4516
5608
5007
5053
4587
5750
4305
5489
3839
5154
5031
4899
4541
4161
4352
5022
3731
4902
4716
5491
4986
5027
5799
4619
5619
4314
3747
4885
4819
5610
3956
4886
5542
5095
5499
4769
4426
4842
5485
4862
5415
5417
5320
4486
5830
3872
4745
3975
5266
4256
5331
4938
4540
5510
4752
5177
5108
4060
4487
6005
5574
5311
5218
4854
4813
4043
5775
5114
5527
4818
4299
5054
5019
5118
5269
6185
5174
4886
6115
4666
5193
5327
5550
5082
5222
5706
5546
5716
4899
5134
5181
5450
5300
5486
4559
5758
5420
5052
4758
5049
5762
5424
5363
5013
4904
5070
4972
5886
4831
4822
4762
3946
4665
5802
4676
4564
5262
5515
5888
4921
5224
5845
4674
5394
5198
4941
5077
6115
5251
5282
4177
5544
4408
5226
5613
5988
4639
4941
5970
5758
4551
6296
5373
5478
5465
5588
5729
6306
4851
5194
5679
4047
4836
5184
4211
5362
4943
5554
6322
6293
5024
5494
4631
6060
5659
4824
5609
5509
5232
4191
5740
5701
6326
5519
5813
6832
5004
5203
5122
4543
5188
6089
5976
6089
4962
6191
5854
5901
6203
5456
5311
5827
4898
5744
5442
5404
5905
4781
4488
6295
5019
5077
6596
4944
5977
5873
6001
6517
6362
4663
5435
6565
6497
4365
6019
6154
5221
5239
4420
5257
5722
5560
5276
4850
5379
5370
6410
5454
5153
4964
5743
6743
5768
6036
5478
6797
5681
5876
4301
5201
5009
5461
5851
6915
5160
6041
5180
5447
6585
5042
5594
6475
5186
4930
5937
5793
5274
5495
6187
5001
6692
6157
5957
6014
6946
6169
5138
6122
5151
7117
5971
4955
5705
6006
5298
5785
5779
6770
5399
5816
6673
4784
6123
6285
5548
5808
6079
5725
5286
5864
6329
6189
6558
5781
7509
6459
6192
5184
4851
5544
7163
7044
5220
5916
7304
4861
5551
5290
4603
4749
5961
5269
4649
4343
5259
5394
5849
6349
5487
5314
6025
6088
6770
5938
5554
6950
5976
6489
6213
6345
5987
5652
6074
4553
5207
5448
5340
6101
5750
5671
6397
5206
4672
7368
6633
6590
6470
6063
6297
5517
6680
6616
5308
7487
5523
6502
6942
6806
5627
6947
5396
5704
6278
5508
6325
4975
5879
6299
5788
6428
6118
5993
5647
6479
5300
7332
5524
5731
6836
5708
6467
5602
5822
5044
4828
6410
5384
5570
6164
5717
7040
6074
6867
6025
5521
4354
7067
6689
5518
5967
5880
6004
6975
5814
4948
7033
5563
6990
5276
6759
6958
5232
6962
5319
6088
4708
6027
6463
7511
5587
6594
7879
6185
6977
6969
6374
6596
6266
7002
6751
7079
7330
6729
6380
6320
6011
6094
7621
5470
7065
6174
6638
7883
5663
4670
5903
5418
6349
6770
7649
6861
6447
5989
6323
6426
6552
6181
7912
5645
5836
7119
7037
6014
7933
7715
6145
6600
5298
5881
7401
6609
5412
6177
7489
6518
5114
5133
6840
5806
7686
6711
6636
6051
4703
5531
7372
6565
5876
7825
6604
6531
5117
5912
5068
5936
5185
6513
5720
7135
5654
5070
6687
5741
5592
6432
6741
6548
6743
5679
5997
7053
6897
7398
4685
7431
6481
6143
6117
6233
6272
5858
5699
7252
7097
5654
6298
7331
5137
6159
7898
6181
5715
4846
6099
5545
7648
7766
6388
5786
7295
7124
7118
6997
6837
7685
6565
5704
6096
6281
6750
6131
5708
6065
6542
5804
7011
5436
7344
5182
6234
5700
5830
5884
7909
5549
5653
7100
6332
6811
5515
5680
6283
6560
5909
6196
6504
6090
7193
7368
6599
5532
7854
5942
6535
5106
7355
6362
7146
6893
5769
8254
7748
6544
6806
7272
5886
6669
5284
5939
8085
6562
7077
6743
7823
6281
5951
7803
7970
6385
5299
5059
5074
6392
6093
5537
7942
6640
6556
7149
6201
7324
6818
5439
7615
6337
7860
6058
6132
5108
6049
7699
7518
5650
7053
5733
6257
6082
5951
6552
5091
7932
5569
6375
7226
6348
5933
6368
5557
7453
5459
6139
5069
7903
5312
6559
5675
6498
7992
6778
6326
6186
5728
6651
7352
6095
7168
7899
4877
5437
6846
5694
6899
6546
5405
7054
7131
7346
5983
6372
6384
6892
6051
7055
6884
6033
6473
6208
7886
7648
6019
5804
7842
6170
7208
6813
7207
7213
5642
7981
6152
6662
6608
5574
7786
5750
7163
6607
5268
5281
6385
5733
6359
6957
7276
5626
6805
7087
7681
7572
6623
8392
6324
6182
6551
6827
6273
6919
6943
5833
6080
8040
7002
5633
6301
5391
8005
8361
4865
6760
7973
6482
5307
7581
6883
5103
5747
6240
6126
6228
6143
6274
7667
8017
6817
5474
7196
7355
7386
5525
5558
7197
7472
7125
5974
5878
5828
6200
7360
7290
7089
7196
6975
7393
6243
5427
7641
6302
7628
6171
5087
5466
7821
6694
6188
7273
7394
7038
6780
7903
7368
8136
7132
7022
6246
6667
6625
6320
5558
6306
6020
7424
6369
6088
7849
5795
8173
6907
5760
7448
7851
6576
6294
6751
6871
7564
5639
6770
5735
6806
7889
7622
7233
7604
7347
6551
6872
6830
7379
6803
7615
7843
5850
7461
7773
5269
5592
7323
7555
7498
7674
8095
8175
6406
5988
7108
6248
7476
6984
7959
6267
6385
5438
6629
5387
7034
6464
6588
6226
5721
6981
6943
6691
5486
7137
6300
6546
6376
6091
6976
8308
5799
6614
7356
7192
6998
7082
6395
6809
6926
7810
7675
5250
5650
7006
6431
7536
5042
5972
8125
5757
6857
7421
6020
5666
7283
7811
7559
7000
6977
7797
6078
6892
6116
6865
5815
7152
7852
6676
7926
7083
6227
7618
6965
6250
7426
7746
7030
6299
7236
7248
6772
6071
7070
6945
6094
7251
7905
6769
7256
5590
6546
6979
6405
7627
6990
7290
6841
7618
6947
6185
6843
6784
5450
7437
6320
6830
7421
6353
5965
7011
6517
7728
6358
7178
7076
7380
6183
7292
7178
7290
7604
6005
6474
7363
6933
8281
7948
6698
5919
7099
7340
8057
7408
7047
7235
6970
6099
6820
6042
7153
7324
6542
7153
5747
6661
6507
7314
6586
6163
7125
5472
7233
6956
7244
7080
5788
7597
5847
5790
7200
6474
6898
6865
5949
6666
7192
6894
6156
7997
7349
7066
5360
7573
7035
6819
6994
6189
7277
7938
6698
6774
5946
6343
6837
6954
6911
5695
5964
7557
5975
7476
7526
6517
7098
7413
6797
7118
6861
7744
7693
5861
5929
6743
7539
6299
7124
5914
7846
5872
6553
7415
6986
7509
6063
6313
5579
6323
7137
6387
6656
7034
7455
7292
6586
6105
7192
7068
6266
6221
6417
6892
7350
7240
7094
7629
6747
6935
7004
6188
6147
6880
5888
7649
6578
6853
7459
6068
6823
6818
6659
7016
7389
7428
6394
5731
7269
6985
7018
5412
6566
6850
7178
7160
6502
6875
7130
7328
6453
6316
7568
7234
7528
7145
6851
7862
5697
6307
6651
7093
6789
6908
7631
7545
7399
7905
6786
7595
6128
5777
7115
5792
7174
6463
6594
6745
6102
6546
6528
7252
6079
6620
6597
6537
7022
6842
6857
6096
7535
7489
6006
6844
6583
7364
6350
6674
7667
7226
6213
7020
6378
6917
6119
6795
7012
6534
6742
6579
6312
6879
7044
6022
7789
7272
6757
6105
6855
7377
6976
7293
6461
6239
6167
6577
7346
6173
6874
7271
6894
6312
7173
7301
6776
6775
6917
5899
7693
7703
6540
6203
7396
7069
6732
6065
6207
6557
6548
6480
7705
6864
6915
6968
6862
6390
5849
6544
7200
6101
6652
6486
6049
5932
6324
6000
6153
6701
6182
6582
6669
7421
6690
7802
6628
7129
7465
6790
6731
6953
7642
7065
6978
6372
6813
6269
6637
6339
5937
6558
6896
6023
6545
6456
6589
5711
7043
7070
6942
5724
6923
6923
7655
7322
6969
7330
7188
6974
6315
7743
6267
7579
6083
6023
7463
5930
6807
7126
7671
7010
6249
6654
7109
6925
6216
6711
6991
7732
7085
6763
6489
7139
6411
6438
7080
6452
6405
7051
6859
7328
6247
7378
6718
6367
7074
7027
6370
6513
6688
7186
7089
6984
6993
6813
7420
6999
7154
6509
5830
6680
6178
6632
7116
6463
6767
7733
6714
5838
7391
7267
6669
7211
6729
5950
7033
7073
7231
6987
7333
6305
5980
7502
7109
6953
6994
6829
6842
7013
7468
6468
6273
7521
6669
6589
7209
7294
6806
7380
5853
6606
6091
6074
6539
6816
6838
7134
6267
5849
7095
6825
6488
7124
6658
6489
6246
6732
6893
6698
6098
6849
7078
6147
6967
6661
7137
7343
6682
6173
6262
6236
7000
5788
7116
7103
6361
6358
6285
6846
6649
7189
7073
6064
6259
7428
6968
6429
6298
7130
6589
5878
5931
7066
6174
7439
7015
6734
6763
7293
6635
6865
6080
7083
6996
7195
6600
6427
6147
7171
7072
6570
6954
6137
6817
6811
6816
6831
6401
6540
6979
6861
7404
5808
6997
5887
7234
6202
5925
5952
6472
6742
6813
6290
7163
6357
6784
6781
7385
6924
7083
7166
5833
7282
6777
6557
6144
6148
7544
6960
6867
6717
6235
7130
7232
6827
6811
5939
6277
6407
5850
6978
6076
6773
6054
6438
6908
6911
6511
6605
7059
5723
6494
7175
6089
7233
5958
6124
7075
6477
6610
6915
6039
6570
6482
6737
5930
7002
7323
6945
6856
5636
7428
6208
6851
6635
6360
6963
5640
6844
6153
5897
6438
6332
7008
6446
6221
5998
6557
7089
6358
6097
7013
6347
7164
5749
7231
7025
6805
6411
6810
6545
6429
6344
6614
5735
5951
5588
6069
6864
5831
5731
7158
5950
6669
6694
6747
7093
6625
6387
6491
6150
6098
6257
6190
6711
6827
6923
6277
6361
5808
5932
6429
6892
7322
6575
7229
5441
6722
6096
6817
6616
6832
6039
6486
6750
6138
7336
6343
6330
6638
7201
6947
7159
5856
6446
6537
6582
7261
5952
6739
6413
7258
6123
6234
6275
6551
6859
6748
7071
6008
6307
6849
6745
6670
6969
5990
5772
6009
6111
7424
6147
6368
7246
6569
6174
5918
6819
6120
5958
7062
6942
6167
6122
6618
6531
6670
6343
6285
6138
5843
6328
6822
7337
6750
6453
5407
6658
6835
7022
6486
5872
6742
6371
5692
6701
6218
7085
6359
6918
6388
5703
6421
5655
6831
6493
6972
6058
6619
6754
6664
6281
6383
6211
6685
5946
5947
6472
5912
6736
5676
6769
6809
7101
5819
6374
5630
6016
6930
6163
5441
5796
5975
5708
5101
6037
6646
6655
7066
6084
7271
5886
6924
6388
6412
5995
7039
6517
5604
6067
6483
6590
5649
5362
6120
7028
5755
5375
6832
6032
6643
5983
5567
6270
6081
5449
7366
6627
6252
5621
6083
5688
5412
7000
6553
6739
6206
5987
6220
6151
6754
5839
5338
6773
5953
6673
6685
6131
6916
5690
7475
6367
5704
6207
5662
6240
6192
5448
6808
6152
6903
7482
6051
6499
5746
5685
5822
5586
5811
6324
5426
6227
7425
6241
5455
7136
5653
5560
6443
6987
6274
7003
6012
6189
6194
5920
6146
5770
6984
6750
5668
6214
7014
6029
5810
6686
5856
6605
6632
5972
6020
6878
6232
6148
6183
7290
6864
7552
6930
6320
6357
5879
5883
5269
7577
5312
6112
7032
5317
5751
5085
6369
5716
6226
5548
6313
6469
5466
6255
5778
6875
6651
5946
4852
5645
5124
5254
7261
6580
5610
5816
6163
6225
5528
6722
5047
5458
5458
6485
6334
5453
6433
6669
6037
6464
6066
7348
5852
6829
5422
6222
5547
6887
5575
5974
5506
5222
6850
7085
6346
6219
5991
6489
5696
6055
6136
6823
5767
6697
7773
6257
5831
7915
5541
5269
7299
5520
4625
6526
5794
5980
7206
4944
7582
5705
6508
7484
6397
7058
6048
5953
6392
5281
7688
6872
5655
5883
5567
6669
5842
6936
5360
5918
5692
5910
5689
6435
7260
6472
5331
4939
6946
6509
6543
6310
7423
6325
6319
6871
7539
6638
6598
5813
5633
6397
6036
6567
7653
6656
7080
7580
6657
5281
5955
5718
6464
5937
4804
7197
5425
7049
5590
7251
6641
5833
6159
6480
7621
5474
5460
4641
6802
6746
6238
7376
5486
5039
6856
5404
6747
7153
5166
6213
6284
6545
5866
6188
7318
5289
6967
6617
7107
6304
4859
6405
6154
6900
7235
5417
6587
7380
5876
4815
4972
6421
5454
6660
4996
6923
5777
5707
5943
7094
6991
6613
6384
5886
6214
6728
6098
6133
5764
7085
5848
6405
5815
4889
6494
6234
5786
6106
6689
6540
6852
4668
5546
5656
5623
5759
5353
4663
7040
5888
5504
6769
6244
6841
5991
5523
6111
5713
7015
5202
5473
6650
4875
6574
4853
5915
6423
5372
5882
7088
6254
6699
5190
5598
5814
5579
6688
7191
6669
4689
6602
7014
6016
6424
5990
7178
6789
5385
7606
6041
5941
6941
6303
6249
5555
7298
7121
4652
6698
5453
5721
6737
5755
6441
4769
6041
5267
6380
6536
6290
5464
5679
5806
5860
5009
6316
6339
7812
5361
6178
6190
5279
6472
7113
5411
6085
5801
6397
6569
6162
5823
6398
5890
6864
6924
5665
6748
4883
6040
6975
5248
7592
5473
5087
7485
6212
5733
5535
5774
5856
5278
5917
6121
7455
5271
4876
5199
7671
7403
5664
6097
6709
5897
7347
4668
5464
5817
5247
7654
4855
5445
7396
5751
6810
5988
6397
5479
5252
5257
6169
5837
6486
5532
5482
7266
6232
7016
6228
5095
5737
6955
6590
5961
6840
6088
5310
5401
5421
5779
5538
4685
5747
5765
7154
5579
5629
6625
7011
6511
6473
5220
5616
7510
5221
6448
5682
5938
6655
7656
5244
6469
6453
6852
5999
5863
5072
6590
5950
6892
5482
4995
6093
4718
6211
5824
6358
5231
6102
5321
5053
6128
6435
5549
4896
5367
7330
5898
6544
4605
6667
5576
5849
6443
5495
6101
6850
6554
7234
5334
6508
6067
6852
6323
6032
5140
5751
6243
4794
6143
6352
6446
5957
7604
6732
5798
5100
5074
5650
6681
5292
6649
6217
5733
5404
6614
5708
7880
4737
5149
5565
5820
6579
4951
7174
4830
7264
5143
6747
5262
4710
7815
6417
6080
5733
6287
7228
4533
4724
6514
5823
7266
5919
6461
6799
5401
6264
7018
6093
6079
5179
5652
5389
7015
6398
5037
6127
7141
6957
6734
6055
5488
5112
7514
6288
6625
5372
5734
5350
6850
6633
5721
5664
5737
6487
6561
6781
5769
7369
5312
6498
5089
7058
5052
6259
6108
5285
4955
6905
5839
6055
6859
5037
4958
4901
6332
5114
5945
5397
5393
5896
6417
5493
6800
7065
6498
6360
6996
6666
6813
6053
7091
7228
7780
5366
6438
6931
5343
5758
5342
5553
5685
5760
7638
6903
6116
5066
6672
5343
7705
6804
5516
7345
6266
5246
6026
6071
6100
6488
6935
5233
6304
7800
5300
5953
5724
6339
5817
7362
6929
5948
6529
4877
5908
5392
5872
7559
6692
6099
6507
6316
6854
6258
5953
6984
6681
6193
5961
6885
6470
6648
6934
6752
7087
5401
6877
6028
6860
6936
5547
6688
7594
6975
5506
5718
7149
6317
7562
6179
5125
6184
6465
5101
5439
6933
7104
5850
7619
4988
6373
6609
7293
6824
7006
5804
6412
5836
5549
4974
6423
5334
6222
6794
6984
6060
4942
6139
4470
6048
6496
5978
6404
6361
6319
5469
6855
5382
7362
7343
5378
5985
6666
6621
5616
5838
6504
6642
5564
6023
5108
4698
5213
6711
5618
6654
6394
7577
6279
6422
6806
5537
7256
6530
5709
6558
6110
6512
5608
5336
6227
5753
5654
6747
7314
7267
5318
6563
5279
7115
6213
6202
4903
4610
6958
6348
5902
7833
6995
5714
5539
6214
6766
5554
6350
6086
6795
6063
6287
7251
6271
6891
6723
5118
6488
6680
7086
6987
7292
6601
5833
6472
6607
6491
5960
7361
4913
7609
7356
5304
5888
5566
6389
6271
6268
6649
6385
6386
7176
5382
7201
5807
6543
7240
6053
6422
6052
5009
6311
7195
6520
6040
5811
6678
7498
5469
7059
7822
7263
6734
6991
5954
5381
6124
5279
7575
6983
5438
6822
5547
6526
6397
6604
7044
6524
6930
6585
6545
5942
5575
6280
7664
6234
6252
5778
7777
5616
5958
6696
6111
7755
5481
5285
4902
6294
6265
5424
5537
5720
7226
5653
5768
6528
7187
7497
5951
5177
6638
6908
6478
5970
6904
6283
6040
7160
5367
6723
5841
6153
5517
5822
5299
5743
6995
5767
6321
6093
7606
6393
5679
5917
6251
7962
5728
4912
8129
6686
6618
7654
5600
7332
6576
5406
7519
6155
7147
7459
6908
5958
5487
7091
7297
6244
6554
6346
7078
7222
7573
7157
7077
5563
6545
6301
6219
6057
6800
6493
7039
6899
6346
6037
5469
6697
6012
5807
6479
6927
6517
5786
6745
6000
7092
5322
6676
6669
6407
6425
6138
6962
6535
6928
6795
6623
6266
6253
5794
7114
6047
6098
6101
6594
5430
6890
5652
6951
6419
6661
6757
8044
6072
6934
6030
6288
6500
6629
7048
6300
6317
7668
6204
7124
6143
6803
6250
5904
6524
5610
6503
7010
6741
6390
6271
6330
6434
6817
7681
7152
6468
6810
8035
6542
6244
5827
6583
7667
6465
6846
6400
5761
7309
7574
6811
6925
6159
6389
5689
6149
7146
5803
6914
7515
6494
5870
6286
7510
6285
6521
6850
7075
6542
6870
6368
7837
6556
6723
7099
6621
6438
5606
6672
6378
6329
5977
6194
7982
5846
8091
6656
7578
6229
7569
7109
7957
6382
7285
6507
7396
7044
5659
6700
7283
6882
6826
7176
6314
6800
6950
7384
6172
6216
6857
7362
7217
6257
6763
6703
6311
6169
6615
6032
6989
7410
6712
7035
6837
6533
7123
6800
5777
7501
7091
6456
6442
5871
6943
7085
6887
7365
6372
7057
6743
7767
6079
6424
7244
6220
7028
7469
7547
7100
6208
5964
6826
7858
6708
6894
5994
5967
6660
7336
6426
7972
7264
6454
6629
7183
7058
6741
7624
7468
6924
7153
7171
7073
6664
7023
7734
6369
7290
6594
6243
5890
6478
7953
7033
7503
7479
6079
6611
7010
6985
6484
7457
6128
6833
5903
6509
5961
6040
6800
7704
6789
6441
5831
7470
7476
7321
6496
6731
6907
6824
6179
6428
6904
7979
6730
7017
6206
6893
6860
7340
6913
6329
6872
7478
6797
6583
6495
7345
7135
6714
7685
6971
6385
6524
6889
6763
7009
7634
7763
7777
7193
7340
6409
6257
6616
7152
7417
7725
7553
7168
7044
7148
7123
7175
6892
6842
7576
6667
7351
7951
7201
7511
7184
7278
6730
7023
7017
7155
7405
6686
7026
6666
7098
7299
7607
6388
6663
6925
7574
6903
7660
6540
7630
7477
7356
6444
6800
6979
6755
7249
6925
6907
6829
7240
7194
7326
7410
6450
7570
6488
6758
6827
6671
6469
6619
7676
7609
7073
6721
7447
7369
7494
7796
7287
7427
7731
6703
7454
7024
7678
7644
7159
7876
7481
7786
7805
7075
6854
7370
7719
7193
6380
7652
7467
7758
7370
7393
7466
7468
7994
6868
7714
7508
8108
6819
7066
7864
6908
8008
7966
6892
7150
7861
7164
6872
6707
6638
7621
6853
6891
7323
7789
7039
6721
7253
7475
6980
7596
7652
7975
7383
7269
7773
7295
7426
7448
7666
7407
8007
6843
7569
7249
7283
6410
7498
6829
6783
7194
7158
7246
6925
6942
7246
6912
6861
7564
7282
7259
7157
7435
7739
7502
7829
7267
6739
7236
6942
7431
7096
7267
6961
7529
7171
7546
7592
6844
7321
7496
7446
7671
6622
7585
8197
7733
7368
6842
7116
6661
7255
7354
7012
7349
7845
7991
7964
7835
7939
7506
6665
8056
8117
7100
7379
8058
7210
7528
7171
7152
6971
7035
7341
7932
6622
7524
6998
7071
7112
7966
6834
6713
7698
7602
7304
8144
7046
7184
7175
7297
7120
7891
7798
8062
7604
6941
6979
7949
8331
6751
7279
8213
7569
7605
7544
8257
7635
7612
7388
6899
7926
8048
6718
7849
7141
7622
7031
8060
8225
7949
6920
6527
7499
7184
7113
7879
7143
7346
7554
7334
7750
8061
7157
7173
7229
7390
6926
7701
7789
7253
8062
7125
7711
6847
7639
8084
7561
8239
7346
7745
7477
6537
7306
6535
7758
7622
7678
6817
7098
7039
7785
7221
8319
7433
7983
7626
7062
7416
7593
7885
7482
7211
7868
7714
8080
8289
6717
7374
6914
7426
7565
7723
7447
7156
7437
7424
8073
8153
7151
6738
7197
6932
6907
7723
8214
7575
6885
7948
8026
7614
7293
7513
7259
7291
8364
8059
7623
6844
6964
7854
7814
8472
8228
8077
7285
7774
7923
7441
7376
7442
7561
7078
8370
8095
7910
7333
8150
6971
6873
8366
7007
7619
7062
8880
7521
7145
6530
7828
7803
7999
8049
7597
7532
7388
8040
8530
7256
7859
6387
7212
8006
7538
7696
7273
7792
8498
8107
7517
6634
7140
7636
7122
8279
8304
6747
8018
7967
7041
7706
7408
8134
8467
8506
6696
8530
8202
8721
7121
6801
7848
7114
7420
8195
6702
8679
7992
6887
7080
7251
8224
7018
8019
8143
7086
7170
8598
7342
6864
8746
7622
7400
8257
8069
8505
6749
6845
8585
7943
7674
7693
8201
8034
8138
7769
8602
8039
7695
6786
8400
7360
7575
8426
7050
8160
7966
8018
7934
7853
7522
8896
6882
7410
7845
7617
6954
8967
8729
7936
7688
8517
7291
6892
7425
7907
8308
8549
7329
7408
7964
7647
7397
7272
7818
8317
8319
8690
7627
6862
8976
8709
7381
8159
8096
7365
7644
7431
8620
8850
7779
7602
7584
7692
7393
6958
7254
7837
7357
8106
7944
8102
7817
8077
7947
7625
8831
9347
8354
7325
8350
7789
7087
8141
8681
6903
7680
8418
7603
7811
7848
8670
7273
8898
8000
8306
7573
7255
7858
7684
7690
8285
7046
8724
8081
8057
8218
7566
8434
8616
7646
8075
8039
9079
7307
7330
7670
7724
8954
8383
7311
8191
7614
7535
7367
8311
8379
9056
8111
7367
9218
6976
8143
8320
8994
8914
7262
8641
7546
8435
8544
9157
7539
8646
7468
8334
7652
8890
8171
7509
7488
7166
7756
8130
7415
7745
7205
7784
8736
8668
6742
8171
7161
8336
6864
8612
7585
8155
8373
9331
7864
6892
8239
8163
8422
8505
9221
6915
8660
7256
7934
7665
8965
7570
7300
8047
7708
9293
7946
9023
7859
8975
7117
8376
8720
8346
8303
8566
6750
7989
7056
6727
9223
7695
7677
8189
8118
7739
8972
7833
8079
7253
7572
7947
7622
7669
7923
8375
8403
7129
6954
7257
7605
8180
8042
8175
6814
8246
8792
7262
8232
7385
9391
7539
9511
8944
6856
7434
8785
7550
8303
9099
7236
7655
6929
7487
7263
8325
8704
9111
8709
7585
9347
8194
8015
8067
7295
8788
8622
7003
7092
7677
7738
6883
7299
8704
6931
8210
9086
7708
6782
8550
7286
6904
8759
7587
6647
8706
6517
6850
7119
9553
7895
8202
8438
8929
8206
6897
8930
7659
7262
6852
8129
7298
8026
6888
8934
8539
6883
8149
7689
9082
7448
7745
7629
7789
6731
8431
7140
8718
7849
6762
7321
8490
7884
7953
9046
8277
7937
9284
8135
7064
7502
6939
7983
7145
7925
7471
7129
8678
7565
9331
9254
7713
6852
7884
8312
7242
9157
8997
8065
9031
7391
7952
7519
9181
8360
8893
8428
8110
8447
7057
8500
8510
7892
8957
6566
7460
8030
8321
8033
6838
9030
7744
7459
7289
9103
8951
8997
6604
7188
6766
8206
9213
7876
7177
7632
8453
7936
8493
7693
7129
7576
7786
8915
7970
8140
7191
7530
7363
9132
8822
8910
7475
7399
8320
7545
8564
8741
7962
7103
6726
7617
6520
7833
7823
7107
8031
9493
8194
9123
8951
7661
8094
8024
7221
8352
8541
7563
8705
6216
8986
7869
8136
7310
9355
8087
7907
8886
7639
8509
6772
8614
7724
8024
7625
7966
7431
8479
7549
9008
8450
8885
7035
6995
8439
9679
8515
9742
9451
8126
8493
8728
6892
6983
8958
8416
8791
8020
8122
9160
8118
7996
8747
8620
7073
7527
9227
8346
8714
8043
8381
7865
7246
6422
7432
8466
7685
6319
9344
6750
7424
7803
9338
7233
8003
7881
9058
8807
6791
7650
6893
8802
7661
9231
6837
7491
7023
8902
7197
7979
8673
6491
8440
6546
8055
7958
8000
9778
9265
7795
8019
6572
8838
7024
7854
8546
7509
8159
7453
6655
9394
9403
8077
7858
8649
6896
8567
8050
7822
7971
7547
8226
7617
8721
8489
7713
9291
7259
9061
7488
7861
8620
8998
7892
7995
7943
8171
6853
8614
8970
8228
8697
7204
7294
7264
8162
8747
7069
8299
6917
8173
8155
6647
8363
8936
8419
8398
8057
8663
7471
7378
8447
8171
8687
8603
9390
9457
7823
7192
9060
7366
8869
7207
7982
7058
8384
7244
7433
8256
7152
8028
8627
8813
6750
7742
6195
6997
8092
8165
6487
7210
8336
7518
7632
7596
7848
8297
7791
8011
6966
8458
8069
7621
7498
7329
8339
6677
7217
9054
6894
7271
8335
6558
7174
7349
7746
6824
8301
9532
7143
7345
7984
9375
7424
6003
7827
7714
7704
6992
7657
7302
7307
7641
7746
9665
8952
8609
7149
7361
7857
7603
7530
7858
8389
8073
7903
9059
7249
6741
8249
7067
6904
7181
8003
6091
7732
9231
7910
6607
7634
8718
7704
8287
8113
8285
8269
8389
7813
8770
6372
7093
7760
8449
9392
8811
7150
7620
8834
7147
8455
7220
8015
7541
7868
8690
6039
7410
7315
8033
7604
7689
9138
7648
8101
6503
7258
7783
7857
8204
7495
6488
8140
8118
6886
7998
8666
7054
7649
8216
7820
8336
6431
8135
8234
7270
7914
6731
7237
8055
7744
8361
7365
6876
7070
6201
6670
6644
6784
8095
8419
6879
8378
8547
7508
7327
6678
8282
8836
8312
8507
7201
7090
8500
8718
7168
7221
5830
7311
6469
7262
7715
8989
7279
6702
7279
6794
6690
6973
8666
8041
7704
7183
8646
6845
6950
7628
6764
7366
7819
7115
7689
8281
7649
8075
8188
7743
7448
8133
6755
6474
7007
6829
7889
7422
7665
7775
7670
7297
7132
7929
6681
7064
6546
8942
7690
7744
5818
7722
7196
7189
8307
8108
8882
6691
7770
6654
8280
6871
7961
7083
7430
6375
6799
7293
7386
7295
7585
7606
8330
8384
7378
6980
8177
8703
8567
6377
5901
6272
8638
8215
7011
6396
7205
7194
6430
6667
6736
5926
6571
6035
8759
7018
6959
5984
7677
7480
7170
7177
6626
8412
7110
5718
6713
7199
6077
6269
7076
8362
7245
8040
7473
6937
6100
5965
6558
6822
8329
6889
7541
8509
6604
7658
6924
5993
7712
7416
8217
8161
7663
6269
7905
7451
6075
7125
8308
7479
6418
7347
7354
8188
7582
8390
6922
7354
8006
7772
7076
7160
7265
6538
6706
6502
6803
8073
6797
8041
6986
6907
7838
6795
7263
8059
7901
7599
7497
7819
7125
8024
7498
7597
7563
6762
7364
6245
7044
7700
7807
7696
7619
7046
7372
6050
6838
7088
6744
6820
8135
6123
7066
6817
7749
7520
6656
7030
7192
6773
6605
7199
6637
8501
7468
6720
6979
6910
6616
7703
6259
6758
6762
8055
7174
7124
5945
8159
6136
7504
6919
6725
6927
6338
6958
7296
6915
6626
7084
7010
7271
6063
6341
6391
8364
6943
8293
7254
5602
6635
6885
7037
6566
7135
6395
6496
7884
7283
6159
5513
6171
7074
6286
5771
7279
7742
7186
6349
6618
6363
7259
7300
6875
8221
6434
6851
6858
6353
6955
6408
6900
6055
6990
7619
7086
8010
6666
5608
7502
7683
7072
7430
7104
6098
7663
6394
7224
6954
7829
7468
6938
6484
7507
6976
6224
7646
6308
6989
6926
7404
6794
5893
6288
7809
6866
6355
6597
6561
6145
6751
6556
6084
7893
6372
6528
6079
6731
6195
6301
6318
6692
7656
6263
6787
5680
6928
6813
5973
7283
6415
6859
6631
6604
6117
6200
6456
7397
5908
6540
6440
6690
6882
7540
5941
6062
6226
6940
7343
6769
6301
6883
6298
7436
6048
6329
5908
6873
6114
6660
6779
6028
6627
6237
7238
6609
6460
6302
7601
7536
6159
7234
6849
7377
6443
6263
5598
6116
6645
6296
7221
6219
5720
6313
6630
5294
6820
6676
5843
6049
6693
7515
6355
6718
6569
6144
6127
6535
6781
6743
6036
5751
6325
6426
7052
6306
6827
6540
7296
6297
6131
6353
6525
6542
6249
7268
6131
5956
6113
6768
6706
6706
6137
6287
6677
7086
6169
6265
6675
7161
6362
6305
6040
6769
6680
5847
6790
6206
6443
6804
5795
5927
6578
6422
6073
6941
6537
5985
6941
6175
6808
6655
5911
6318
6286
5818
6235
6195
6226
6449
6173
6343
6399
5683
7025
5511
6279
6299
5597
6235
6724
5906
6820
6870
5791
6566
5870
6537
5330
6860
6116
5800
5931
5768
6194
7010
6097
6220
6549
7084
6255
6339
5861
6121
5835
5973
5524
6785
6597
5616
7064
6561
6717
5996
6616
6236
5845
5940
6761
6094
6037
6476
6539
6696
5559
5652
5286
5867
7044
5822
5468
6045
5368
6842
6306
5575
6689
6026
6463
6688
5946
5783
5445
6466
5824
6009
5981
5518
6648
5415
5902
6643
5852
6442
6542
5840
5592
5953
6881
5883
5459
5754
6417
6060
6475
5945
5553
6306
6521
5804
6413
5654
5696
5402
5887
5782
6538
5950
5877
5775
6123
5640
5685
6319
5433
6044
6702
5963
5840
5929
6144
6463
5763
6319
5233
6257
6061
5688
6340
6340
6211
5268
6100
6223
5492
6438
6523
5427
5455
6032
6387
6209
6125
5802
5781
5221
4981
5558
5465
5116
5756
5278
5085
6481
5973
5780
5133
6341
6314
5285
4939
6007
5928
4994
5750
5094
5292
6044
6044
6041
5439
5817
5458
5068
6142
5289
5205
5259
6219
5417
6403
5601
6218
5604
5934
5848
4979
5045
5525
5887
6190
6248
6049
5763
5962
5330
5606
6201
5483
6147
6164
6311
5174
6337
5811
6423
5080
6005
4744
5312
5537
4856
5286
5684
5897
6130
5539
5026
5755
5072
5653
5305
5772
5868
5571
5733
5241
5435
5594
4956
5725
5265
5765
5189
5389
6304
5437
4801
5089
4791
5531
5079
5972
5403
5709
5925
5204
5416
5228
6307
6200
5322
6402
6095
4672
5141
6002
5418
5649
5406
5859
5243
6165
6372
5860
5722
4723
5171
5877
5548
4644
5519
4754
4463
4833
5672
4802
5653
5068
5507
5675
6061
5646
5474
4971
4983
4551
5643
5444
5531
5937
5238
5034
4973
5697
4749
4830
5235
5419
5326
4793
4890
5676
4359
5133
5372
5258
5298
5607
5572
5054
5133
5553
5284
5038
5942
5003
4785
5277
5353
4735
5033
5230
4990
4870
4242
5264
5480
5605
5792
5111
4887
5888
5555
6031
5327
4758
4491
4697
5427
5896
5173
4671
4679
5130
5559
4374
4533
5002
4489
5148
5300
4743
4430
5387
5487
4672
4345
4260
4557
5410
5121
4694
4809
5853
4891
5212
4767
5156
4720
5514
5833
5950
5867
5082
4640
4468
4698
4464
5272
5971
4055
5611
4947
4692
5144
5248
5912
5081
4305
4794
4361
4732
5522
4720
5183
5182
4497
4263
4184
4422
5292
5823
4614
4734
5471
4826
4724
4509
5604
4810
5304
5227
4380
4954
5629
4667
5689
4016
4762
5448
4138
4704
4991
4357
4348
5199
4566
5392
6005
4739
4660
4693
3908
4709
4342
4978
4051
4737
4925
3813
4794
4916
5920
5269
4952
5317
4971
4665
5240
4601
4865
5388
5093
4446
5481
5433
4817
4675
3915
5341
5091
4606
4763
3942
3588
5486
5509
5078
3776
3716
4864
4354
3710
5443
4656
3712
3737
4739
6216
5041
5482
4898
5103
5397
4204
4925
5408
4456
4797
5320
5193
5425
4047
5178
4515
4933
4238
4666
4794
5473
4123
5074
5979
5685
4538
4369
4732
5159
4833
4456
3775
4414
5103
3373
4815
5073
4587
5251
4687
5012
3341
4218
4580
3836
4316
5133
3575
4695
4766
4118
4920
5012
5657
4702
5393
5627
5567
4490
5269
4282
3592
5065
4798
4624
5169
3323
5233
5151
3927
4180
4469
5031
5044
5261
5013
4935
4199
5266
4784
4929
4883
3725
4517
3138
4059
5833
4349
5221
3743
4578
4757
4951
4268
4296
4322
4470
4731
4481
3533
5623
4540
4356
3947
3636
3957
3474
5729
4132
3881
5255
5195
4829
4160
4346
4325
4205
3757
5048
3751
5374
5201
4769
5496
3887
4375
4155
3622
4421
4820
4513
4340
4549
3793
4608
3488
5377
3500
5223
4791
4430
4953
4627
3630
4265
4801
5045
5697
4936
4654
4393
4898
3793
4182
3460
3532
3328
5239
3580
4468
4157
4185
3982
4487
4265
3492
3980
4442
3714
4567
4124
3881
5183
3454
4365
4398
3052
3380
3945
4024
4697
4581
4645
3068
3325
5261
5412
3839
4677
5058
3819
5282
4894
5054
4235
4125
4153
3837
5061
4689
4517
3191
4635
5056
3481
3200
3963
4754
4303
3292
4442
3193
4400
4255
4919
3781
4066
3826
4574
4940
3987
2976
4025
2904
2815
3688
4506
4622
3478
4980
3961
3515
4797
2970
5047
3817
4159
4072
3081
5398
4949
3656
5071
2821
2612
5113
4805
2940
4520
4827
4432
3378
4111
4470
3373
3813
5318
5177
4790
3035
3040
3449
4542
3840
3586
4016
5525
3972
3844
4211
5010
4101
2961
5089
3345
4320
4303
4320
4634
3344
4014
4374
5302
3466
2754
3596
5228
4487
4293
3927
3297
3999
5307
3140
3932
3425
3252
3975
3966
4484
4440
3115
3350
4907
3928
3887
4021
3634
4344
3617
4255
3904
3444
4258
3375
5034
4156
5039
3886
5584
4582
4389
2968
3531
4475
4352
5170
4017
4577
4161
5184
4251
5221
2951
4255
3611
4084
4363
3305
2992
4852
5701
4016
3569
3546
4251
2870
5052
4464
4814
4335
3112
3713
3311
5494
2282
3134
2428
5269
3241
3430
3550
5036
4027
2388
4676
3742
4821
2916
2701
4520
4071
3515
4554
3000
3354
2605
4911
4759
5043
2716
3323
3022
2749
2634
4857
3659
2797
3241
4007
5519
4773
2885
4450
5167
3333
2585
3460
2443
3805
4235
3564
3399
5237
3246
4552
3534
4887
4499
4101
2525
3296
3038
2968
3062
3243
4547
2715
4632
2562
3541
4650
4221
3527
5124
5395
3738
2649
3534
3080
4273
3412
4156
3980
4080
3964
4497
4149
4818
3627
4119
3242
5368
4853
3999
5041
4563
2971
4437
3603
3990
5112
4281
3471
3656
3988
4457
3578
5225
2812
4297
3259
2210
4203
3724
2331
3770
4597
3191
3746
3874
3187
2445
2778
2414
5046
3404
3818
3161
4181
3387
3958
4346
2590
3457
4748
3049
3092
3878
4477
2994
3650
4093
2809
3585
4849
4218
4084
4471
4079
4219
3579
2654
4656
3597
1874
4515
3585
2040
3395
3073
2679
5083
2748
2283
2904
4973
2879
2751
5066
3730
2192
2946
3843
4169
3770
2841
3166
3819
3246
2141
3630
3901
3854
4329
4026
2126
2514
4029
5102
2437
2583
3434
4186
4479
2600
3640
3399
4692
3923
3185
3579
4302
4625
4977
3821
5256
3202
3816
4138
4814
3294
4448
2842
4467
3655
4060
4152
3636
3939
3596
1895
5091
4272
2941
4124
3934
2866
4028
2921
2937
4875
2740
2608
3219
4331
2722
3004
3231
2920
2682
3906
5285
4144
3754
4986
3609
3046
3430
4635
3210
2780
3766
4102
3298
3442
3792
2581
3357
2256
1787
3062
2911
3575
4782
3526
3231
3969
4684
4104
2260
2476
3981
3659
3852
2477
3025
4756
3435
3814
3378
2283
3601
3078
3714
3235
2622
3883
2341
3100
4049
4527
3083
4583
2798
5024
3814
2168
3580
3246
3178
4642
3923
3674
5284
4551
3667
4160
2752
4155
4089
4889
4168
3100
3925
2430
4185
3501
1839
4683
2228
2380
5057
3949
2935
2915
2529
2696
4126
3323
2906
4698
2681
2760
4380
3336
2079
2468
4021
4910
4095
3158
3015
3723
4316
3881
3227
2220
4903
3695
5035
4759
4706
3200
1915
4667
2834
2321
2969
2472
3257
4207
4029
3047
3605
3051
3764
4591
3729
4491
2637
4319
4090
3523
3782
3256
3292
3596
2844
2531
3782
3369
4052
4155
4690
2683
3822
4395
3323
3678
3514
3698
3345
3220
2770
3035
1995
3666
3832
2442
2165
3893
2755
3205
5180
3493
2040
3307
3572
4849
4460
4163
2827
5092
4919
4240
3659
4221
4737
3247
2895
3160
3848
4331
3653
3365
2984
3614
4919
4115
3402
2734
3716
4018
2936
3110
3720
2936
2941
4000
2994
3641
4103
3330
3309
3885
3940
4052
3510
2865
2251
3612
3884
4247
3069
4920
3336
4552
4176
4015
2174
3636
3473
2722
3287
3907
3273
3697
3120
4428
3460
3489
2723
3271
3683
2965
4291
2315
4432
3474
3849
3139
3477
4572
3455
3150
2621
3184
3075
2289
4670
2407
4329
3520
2650
4705
3987
4911
3379
2656
4423
3269
4500
3515
4135
2662
2854
3858
3342
2884
3262
3806
3600
4652
3425
3614
3669
2805
4494
4658
3829
3174
4100
3048
4173
4856
3410
4159
3511
2875
4390
3499
4757
4472
3711
3156
3636
4294
4236
3927
4027
4285
3779
2980
4264
4054
4497
2590
3505
3114
3032
3969
3469
3326
4109
2467
3963
3231
3600
2504
3832
2421
4113
3499
3332
2459
4165
3825
2322
4407
4044
4577
3943
3873
3404
3840
3327
3403
4196
3473
3389
4623
3169
2504
2941
4047
2419
3945
4009
3366
3180
3339
2970
4279
4746
3665
3316
4107
3997
4232
2254
3062
4056
2729
3988
3459
2973
3982
3725
3341
3392
3308
3715
3950
4150
3291
4701
3740
3083
3149
3818
3589
4834
3423
3739
3216
3314
2951
2632
4460
3309
2944
4433
4810
4360
3570
4183
4746
2350
3254
3501
2645
3598
3882
3068
3866
4192
3836
3271
2459
3897
2966
2601
4390
4779
3826
4908
2674
3920
2899
4388
4587
3200
3160
3106
3875
3661
3759
2816
4300
3506
3740
3377
3583
4257
3360
3950
3642
3292
3901
3908
3211
4386
3191
2910
3702
4168
3538
4705
3239
3369
4614
4627
3739
3626
3603
3886
4770
3688
3470
4923
3913
2865
3333
4184
3588
3339
4126
2527
4307
3535
3044
4133
3154
4072
3985
3534
3958
3156
4393
4436
4133
4404
3923
3903
3654
3935
3448
3525
3453
3473
4712
4039
3570
3073
3182
4378
2892
3775
4605
2821
3821
3102
3350
4129
2954
3731
3440
3053
4530
4855
4517
3898
3258
3958
3725
4547
3665
3108
4770
4161
3760
3439
3780
3246
2644
3859
4322
3932
3207
4350
3665
3670
3324
4561
3081
3951
3842
3742
4076
4802
3997
4153
4015
3331
2878
3333
4703
2995
2996
4654
3401
4740
4142
4101
3517
3325
4095
3762
3948
3186
3557
3028
3291
4493
4628
2659
3729
3715
3311
4323
4087
3410
3674
3647
3885
3754
4695
3562
3495
4239
3092
3182
3891
4603
4085
3957
3254
4135
4316
4578
3022
4609
3959
3413
3141
3088
4306
4478
3134
4337
4361
4190
3907
4303
3607
4561
4193
4405
4737
3667
4389
3595
4117
4069
4397
4422
4297
3649
4101
3546
3554
3312
3684
4736
2974
3919
3731
3177
3122
4195
3852
4267
4071
4526
3843
3560
3949
3730
3617
3956
4634
3619
4138
3513
4628
3941
4872
4144
3766
4461
3727
3877
3402
3504
4507
4177
4464
3801
3287
4034
4119
3642
3716
3198
3608
3740
3545
3250
3297
4314
4428
4592
4554
4509
4571
3998
3016
3724
3589
4167
3965
3738
4850
3612
4667
3432
3877
3447
4047
3277
3997
4121
3471
3713
3783
3566
3539
3805
4075
4299
3833
3468
4631
4532
3078
3843
4339
4614
4622
3979
3568
4128
3769
3525
3387
3981
3758
3397
4527
3695
4407
3339
4503
3799
4381
3728
4020
4052
3503
3623
4695
3871
4547
4704
3779
4255
4609
3828
4554
3996
4256
3813
4048
3436
3584
3712
4273
3443
3789
3592
3644
3419
4153
4052
4291
3561
4749
4266
4342
4628
4745
3687
3289
3810
4637
4126
4237
4390
4348
4352
3860
3468
4649
3944
4558
4095
4865
4332
4754
4396
4176
4289
4172
4391
3870
3966
4089
3502
3902
4412
4508
4424
3570
3757
4842
4410
3446
3467
4802
3803
3965
4086
4644
3629
4218
4500
3635
4538
4925
4711
4173
3231
3945
4320
4017
4209
3693
3688
3857
3338
4640
4578
4730
4766
4956
4679
4016
4490
3495
3505
4277
4001
3631
4326
4679
4497
3652
3663
4731
3594
4212
4118
4926
4447
3737
3907
4633
4500
4530
4902
3745
4897
3867
3563
3795
4936
4011
3394
4698
4652
3975
3932
3513
3762
4244
4307
4397
3673
3614
4879
3975
3744
4009
4183
5063
3605
3707
3508
3697
4557
3961
4814
4717
4471
3691
4404
4485
4183
3793
4205
4626
3905
4984
4724
4358
4853
4349
3497
4648
5106
4759
3996
4274
4388
5105
4806
4771
4831
4100
4202
4884
5062
3894
4243
4900
4065
3871
4235
4267
3883
5186
4986
3409
4075
3624
3971
4960
4950
3854
4503
4725
4035
4054
4301
4262
4167
3647
4970
3996
4367
3992
4437
3854
3420
4872
4928
4084
5034
3680
3919
3989
4415
4426
3710
4591
4311
4857
4292
4171
3828
3745
3850
4230
4808
4486
3804
4951
4393
5676
4139
4474
4839
5038
4667
5207
4563
5556
4464
4235
3781
4667
3944
3545
4254
4587
4144
4818
3987
4262
4028
4323
3617
4167
5185
4608
5232
4800
4784
3988
4779
3723
4746
4538
4368
5232
3616
4130
3871
3948
4806
3679
3511
5689
3654
4704
4583
5264
5394
4556
4515
4321
4240
4551
4000
4746
4766
4729
5292
4890
4443
3811
5129
4357
5020
4860
3857
4678
5371
4918
4744
5125
4207
5360
4549
5336
4597
4625
3878
5333
4599
5046
3821
5463
4646
4435
4472
4517
4338
4900
4954
3871
4837
5178
4772
4699
5059
4580
4972
4497
4160
5127
4349
5131
5373
4475
4376
3966
3546
4150
5388
4265
4764
4910
5312
4065
3982
4185
4743
5381
4791
4066
3584
4440
4550
4480
5320
3997
5027
3851
5140
4647
4102
4962
4310
4721
5324
4429
5139
3985
5350
5352
4585
4641
3290
4704
3861
4388
5132
5561
4334
5006
4408
4687
5330
4681
4069
4423
4920
4991
3557
4780
5580
5235
4333
5274
4504
4098
3959
5304
3977
4273
4300
5249
5654
5116
5041
4923
4483
3818
4728
4059
4491
4937
5642
4809
4389
4604
4093
3979
5003
5910
3804
4094
4925
4627
4174
4835
4847
4534
4206
4009
5209
5608
5039
4037
4330
4274
5132
5393
3658
4232
5231
4887
5244
3491
5358
5573
4880
4531
3850
4013
3917
4218
4755
4710
3600
4720
4528
3473
4865
4822
5087
5437
3588
4136
4109
4232
5043
3622
5267
5653
4851
5721
4122
5623
5225
4732
3871
5264
4282
5264
5813
4762
3350
4920
6202
5216
3569
5427
4288
4050
5329
5355
5789
5496
5937
6199
4771
5055
4215
4797
3698
4916
4660
4726
3945
5926
4624
3787
5420
3801
4809
5965
4715
4466
5329
5880
4753
4123
4941
5629
4520
3832
4894
4491
4868
4591
4095
5738
5298
4764
3669
5103
4628
4663
4939
5854
5252
3968
5431
5938
5101
4846
5036
6103
3946
4454
3777
5213
3880
4869
5868
5096
6151
4376
4068
4818
5011
5954
4783
5143
4392
4572
4014
5593
5890
5622
4831
5900
5194
5589
3790
5995
4923
4170
6263
4335
4766
4095
5255
5058
5422
5730
5137
5059
3880
5496
3861
5884
5794
4332
5308
5827
5207
4155
3344
4386
4390
4752
5260
4564
5088
4927
5206
5277
4952
3262
5072
4421
3808
3902
5848
4110
4681
4292
5260
4868
4902
6185
3795
3920
3577
4740
3961
5491
5177
5032
5762
6393
4519
4736
4618
4215
5221
6065
5274
4243
4000
4435
4608
5904
5049
4124
4396
4769
5407
5109
4482
4983
5311
3511
5250
4318
4196
4111
4066
5460
6179
4107
4975
5178
4528
4191
5116
4878
5226
5361
5073
5184
5294
4112
6041
4972
6166
3576
6014
4638
5044
4378
5212
5796
5489
5433
5471
5532
5772
4697
5171
4852
5334
5506
5088
4995
5026
5573
5744
4382
5658
5261
5820
4480
3845
4490
4875
5400
5162
4959
4402
5167
5971
3718
5594
6040
4796
4580
4410
5773
4300
3791
5111
4296
5398
5825
4722
5641
6451
6288
4613
5022
4404
5254
3956
5576
5571
6168
4703
3397
6447
5753
5160
4136
5691
6288
5401
5196
5206
5415
5693
5325
4015
3982
3953
5460
5714
5589
4210
4988
5257
5189
5625
4453
5202
4474
4897
4149
5360
6207
6208
4862
4207
6225
4872
5513
4523
4807
5945
5273
4760
4949
4957
5121
5042
3908
4522
5135
5256
5666
5220
3459
5305
4768
5802
3683
6364
4645
5240
5734
4949
5069
3839
4901
4237
4411
5918
4818
4099
5455
4604
6266
4822
3125
5554
6479
5975
5782
4242
4641
6822
5878
3998
5276
4567
4484
4233
5575
5096
6415
3163
4575
4607
5935
6069
3942
3719
4923
5380
5311
5043
4190
4615
4416
3375
5246
5390
6562
4065
4203
5332
6527
5209
4686
6017
4752
4925
4340
3553
5212
4283
5920
3941
4330
5456
6115
3376
3814
5648
4283
3873
5467
5596
3715
4568
5258
6346
4904
5928
4477
4337
4227
6368
4091
5420
4468
5142
6247
3915
4493
5373
4796
3231
4778
4886
5095
5954
6100
4394
4550
4322
3595
4144
3742
4624
6159
4069
6010
4775
4493
5947
5696
4104
5092
3296
5022
3495
5366
5367
4827
3940
5301
4086
5200
5397
4640
4010
5920
6096
5159
5589
5188
3878
4240
4487
5818
5461
4123
5032
4361
5639
4770
5864
4323
4568
4355
6069
6150
3573
3826
4249
6135
5194
6252
4421
4624
5304
5618
4987
4466
4542
4257
6226
4637
4701
5152
6382
4519
3795
5447
5171
6122
5670
3415
4241
5470
6229
4615
6119
5260
4790
4401
6525
3533
4383
5909
5723
5086
4938
5397
4145
5200
5559
3611
6002
4338
3894
6058
4808
6010
4929
5427
3805
5346
4848
4433
5775
5584
3851
6222
3524
4881
5795
5183
4707
4168
3822
5784
5263
6245
5598
5837
5080
5487
5161
3772
5454
5189
5837
5824
4679
6075
4318
4866
6327
3721
4693
4487
5880
5564
5423
3673
3964
4324
5924
4854
4769
4458
4855
4909
4911
3827
4085
3507
5491
5453
3929
4156
4755
5925
4889
4357
5812
4463
6093
5703
5474
5286
4846
3797
5894
5386
6030
3726
3954
4369
6108
5179
3481
4260
5777
4972
3890
6499
4164
4448
4353
5859
6144
3673
5033
4355
5115
4171
6105
4217
4317
4600
5415
4275
5701
5900
5025
5179
4455
6559
6069
4579
4355
4080
4420
5601
4823
5665
5791
5532
4264
4192
5084
5164
5081
4767
5338
4269
5169
5100
4957
4798
5211
4157
5216
3841
4097
3913
5613
5725
4332
5211
4122
3381
4804
3784
4503
6335
5733
3931
5237
4935
4171
4844
4029
5756
5046
3959
5197
4912
4414
5504
5486
5367
4468
3943
5383
4632
4352
4616
5162
4812
5409
4424
4928
5822
3987
5148
3959
4844
5823
5253
4583
5789
5421
4061
3993
3342
4845
5326
4174
4792
4918
3886
4542
4933
4703
3353
6320
4345
4001
5149
3668
5026
3895
5467
5514
4886
5306
4245
5237
4955
4825
4226
5758
5728
5352
5359
5179
5031
5610
4495
4392
5278
5199
5744
4857
4886
4523
4962
5664
5482
4499
4395
6201
5506
4465
4882
5486
3582
3901
4809
4332
4000
5070
5063
5200
5415
4339
5357
5256
5509
4935
5875
5380
5492
4050
4380
5177
5350
5020
4955
6232
3774
4043
4511
4716
3667
3814
5452
5823
5345
4848
4847
4721
5504
4683
4623
5370
4280
5824
4914
3518
3795
4890
4944
3517
5755
5821
3653
4480
5624
5085
4559
4090
4668
4331
3440
4852
4195
4814
5045
4830
5415
3687
4347
5046
4850
4204
5332
5397
4964
5341
4499
4790
4250
4021
4242
5409
5395
4417
5299
3837
5596
5776
4063
3637
4050
3712
5511
4072
4108
5152
4144
4752
3728
3509
4658
4854
4736
4407
5154
4632
4668
5133
4104
5793
4574
4208
4078
4279
3809
5058
4926
4302
4535
4091
5205
4573
3407
4651
4675
4151
3810
3737
5505
4482
4874
3964
4953
4517
5417
3976
4142
4658
5402
4578
4856
5160
5375
5226
5822
4757
5067
3939
4163
4138
4304
4718
4128
4469
4945
4255
4118
5244
4352
4333
4088
3301
3809
5239
4618
4201
4110
3573
5079
3382
4879
4302
4384
4580
4771
4191
4283
3365
3989
5303
4969
4152
5041
4650
4051
4835
4191
3994
5279
4712
4214
5540
4612
3996
3995
4279
4881
4106
4624
3801
4582
4770
3966
5171
3806
4235
5116
3429
4444
3676
4055
3929
3992
5235
4512
3706
3808
4572
4480
5067
4788
5000
3922
4331
4233
3822
4538
3714
4131
3534
4160
4857
4999
4186
4894
4275
4054
4501
4011
4569
4429
3958
4461
5060
4536
4289
4162
5320
4494
4568
4677
4757
4189
4444
4862
4380
4576
4633
4453
4212
4218
4141
4321
3941
3742
4359
3770
3879
4905
4257
4193
5361
4601
4438
4218
4457
4043
4139
3758
4966
4970
5464
3988
4060
5287
3565
5202
4297
3750
4457
3951
3895
4311
3994
4611
5023
4888
4390
3687
4053
4918
4058
4864
3810
4871
5053
4292
4514
4742
3485
4351
5075
5145
4046
3874
4253
3654
4001
4831
4388
3801
3864
3511
3919
3921
3985
5071
5053
4308
4026
4116
4876
4169
3845
4747
4321
4716
4032
4019
4144
4449
4848
3465
3959
4324
4634
3794
4786
4024
4784
3623
4868
3882
4205
3897
4097
5179
3759
4123
4684
4362
4378
4581
4115
4462
3961
4375
3886
3620
4542
4800
4088
4469
3539
3278
3621
4089
4237
4602
3234
3872
3858
4140
3937
3203
3948
4147
3585
4742
3975
3914
3377
4869
3818
4570
3510
3879
5216
4835
3829
4774
3923
4202
3744
4167
4055
3604
3767
4783
3893
3477
3968
3551
3760
4477
4256
4185
4447
4613
3809
4810
3434
4575
4687
3637
4182
3881
4178
4770
3663
3915
3797
3575
3846
4201
4825
3858
4433
3840
4273
4395
4044
4091
4143
4468
3703
4142
4653
3422
4397
4312
3680
4481
4183
3592
3704
4528
3756
3768
3659
3522
4361
3191
4686
4359
4721
3609
3941
3317
3897
4809
3595
4739
4881
4484
4412
3593
4000
4016
4122
3959
4166
3954
3513
4263
4615
4256
3472
4226
3871
4875
3778
3585
4238
3244
4367
4547
4320
4669
3899
3786
4174
4180
4272
4247
3421
4571
3591
4804
3594
4380
4275
3991
3810
3836
4335
3684
3786
4087
3234
3700
4315
4232
3673
3968
4260
4320
3648
3560
4382
3273
3401
3805
4219
3876
3403
4728
3500
4291
3887
3853
4191
4131
4008
4125
3347
3429
3894
4719
3380
3278
3376
4263
3923
3906
3758
4367
3696
4074
4456
3615
4385
4474
3790
3494
3245
4158
4391
3446
3437
4169
4308
4824
4159
4470
3886
3496
3769
4634
3081
3767
4470
3795
4318
3310
3742
4332
4983
3983
4594
4266
3762
4462
3939
3964
3589
4293
2974
3976
3108
3726
4094
3655
3897
3891
3992
3023
3963
4371
3774
4060
3089
3825
4493
4672
4678
4303
4353
4725
4062
4514
4524
3707
3357
3876
3917
4719
3610
3713
3185
3571
3312
2855
3443
3416
4130
3809
3067
3736
4024
4244
3622
4507
4127
3958
3687
4576
3799
3859
4711
4220
3743
4156
3302
4739
3538
3863
4268
3374
3023
3373
3346
3787
3213
2968
3502
3836
3595
3622
3441
4133
4063
2998
3830
3376
4436
3240
3913
4084
4300
3529
3648
3911
2681
3437
3899
3706
3670
4478
3423
4006
4561
4314
4318
4115
4401
4875
3994
4516
4169
4006
3968
4830
4939
3718
3199
3833
3623
4950
3821
3930
4194
4287
4819
3852
4359
4192
4032
3653
3550
4280
4267
3803
4150
4405
4499
3490
4563
3236
3314
4215
2898
3369
2763
3583
4485
2992
3783
3444
4025
4573
3612
4786
4222
4046
3497
3542
5018
3719
3663
3830
4036
2646
3775
3858
3906
4028
3814
3192
4796
2806
3517
4054
3580
2482
4636
4292
3482
3675
3034
3542
3309
3574
4033
3449
3333
4484
3645
3065
3868
4440
3736
3679
3517
3044
3077
3736
4532
4320
3375
4260
3772
3450
4133
4528
4024
3554
2838
3064
3906
4023
2941
3100
2960
3793
4330
2919
3806
2768
3543
3958
4001
3910
3865
2425
3707
3043
4612
3989
3094
4009
3458
4528
2544
3625
2462
3994
2881
4240
4834
2562
4072
3343
3585
4769
3603
3845
4267
2595
4424
3603
3627
2637
3494
2683
3622
2233
3517
2846
2162
3588
3059
3495
4640
4917
2877
3567
4187
4211
4003
3364
3581
4605
3878
3151
3330
3354
3626
4290
4174
3837
2537
3397
3921
2305
3841
4482
2576
3698
2367
4543
2602
3572
3505
3738
3998
4397
4096
4678
3098
3201
3317
3406
2774
3382
2808
3890
2973
3489
3319
3600
3122
4074
4306
3649
4913
2959
3554
3759
3132
4501
2981
2682
3617
2816
3039
3690
4127
4224
3514
2450
3592
3366
2878
2941
3039
3562
4314
4090
4243
4291
4227
3868
3959
3308
2955
3343
4385
4232
2920
2976
4005
3096
3289
4159
4495
4192
2463
3181
3155
3559
4424
3746
4306
3622
3068
2608
2759
3684
3702
3005
4862
3593
3441
3779
3211
3420
3908
3996
3041
4115
3633
3249
2300
4283
3257
3321
2784
4666
3716
3959
3819
4617
2890
3922
3703
3464
2281
3977
3822
3486
3608
4178
2276
4351
2941
3300
4019
3646
1912
4001
3634
2137
3203
2577
2956
2814
3901
3795
5244
3127
2862
2320
4119
3457
3260
3789
3453
3498
3897
3113
3666
2242
4996
4125
3430
4090
4703
3411
2528
3613
3658
2941
2514
3056
3970
3269
3853
4547
3999
3576
4202
2616
2914
4340
3084
2639
3044
2358
2976
4630
3086
2838
2053
4371
4908
2041
3687
2611
2526
4439
3246
3759
3049
2889
2930
4870
5046
4517
3629
3781
3296
3283
3279
2098
4813
2354
3759
3774
3528
2449
2752
3132
2639
4402
4117
2086
3184
3292
3536
2325
3296
3529
4931
3628
3027
4559
4389
2980
3736
2148
4694
4036
3668
4223
3324
3394
3628
3427
3281
4987
3118
2491
3679
2874
3148
3135
3185
3461
3508
4106
3475
2103
1877
2729
3642
5027
3790
3961
4842
3191
3712
2989
4852
3383
3943
3445
2528
4726
3619
3359
2457
4637
2925
3526
3351
4790
2799
3822
4283
4316
3998
4866
4112
2681
4966
3534
3786
2332
3828
4383
3649
3403
2912
4835
3027
4192
3760
3782
3540
2593
2263
5037
3457
5042
3922
4564
3786
4363
3318
4409
3357
3470
3828
4292
3646
3324
2844
3432
4313
4398
2701
4109
4468
3652
2685
4946
3584
4842
3667
3191
3545
2909
2649
2245
3131
4205
4746
3298
2299
2405
3254
3204
4328
2774
3338
4284
4100
4508
2207
2337
3327
5298
3407
3015
4905
2701
3195
3212
3746
4503
3478
4963
3354
2881
3793
1916
4004
3174
3197
4028
3019
4317
3832
4655
3987
4072
3174
2403
3751
3235
4229
3235
3162
2674
4136
4184
3153
3687
3717
2574
5482
1972
4039
3971
2678
3899
4974
4436
2918
4113
4120
3732
3208
4366
4483
3068
5028
4065
3081
3546
2038
4309
4830
2703
2836
5140
3190
3837
3916
3803
2891
4411
4046
3491
3304
3277
2269
4980
3874
4156
3109
4996
2907
3595
3913
2897
3763
3859
5033
4311
3865
4789
4306
3091
3291
3762
5481
3637
2207
3428
4723
4194
3378
4864
2918
3079
4552
2673
2473
3869
3710
3935
3940
4982
3417
3911
4414
3644
2146
2172
3787
3241
4465
3647
4088
4111
4131
4136
4027
3925
4890
3483
3876
4194
4767
3857
3087
2086
3230
4271
5310
4071
3387
3886
3660
2638
2786
2733
4203
3310
2642
3373
2982
4105
4748
3878
4731
3553
3561
3669
4054
3944
2663
2665
3861
4213
2883
4425
3291
3790
5102
4127
3131
3578
4152
5068
4195
4291
3671
4863
3679
4010
3558
4006
3828
3833
4785
5136
4445
4282
4721
2707
4317
3160
3928
2775
4589
4113
4809
3544
4924
2489
3257
3054
2495
3678
5046
4285
3803
4512
3979
3796
5035
3971
2377
5090
2610
3846
3952
4987
2798
5228
4748
5604
2960
4852
3462
3939
4120
3929
3760
4124
5176
4344
3656
3382
4420
3719
3313
4052
4046
2804
4033
5659
3859
2903
2724
4419
4300
2363
3260
4569
4333
3480
2726
4638
3631
4390
4964
3996
4053
4261
2968
4145
5023
4460
4719
3894
4692
2753
4063
4283
5323
5375
3503
2817
2977
2932
3586
4695
3529
3717
4435
2678
3937
4104
4877
3019
5478
3528
4610
3516
5703
4319
2854
3017
2699
4281
3842
3155
3096
3518
3953
4173
3906
4422
4767
2758
5188
3454
4717
4233
3451
3430
4754
3439
4047
4005
3092
3597
3150
4676
4367
3077
4081
3852
5598
5019
3711
4928
3820
5664
4086
4146
4123
4533
4028
3303
4021
5359
4382
3247
3436
4090
4939
4028
4987
4017
4301
3511
3800
3806
3327
4991
3226
4544
4841
4610
5077
3652
5553
4975
4313
5252
3551
5486
4709
3684
3633
3573
4400
4180
3741
4561
4383
5114
3863
4881
4420
4329
3625
5398
4343
4394
4245
5370
4705
4348
2743
5188
2892
3966
3126
5040
3449
5029
4841
4002
4623
5280
4335
4379
3525
4400
3813
4244
3100
3776
4750
5586
3544
3171
3768
3527
3609
4842
4059
4796
3855
4309
4778
5514
4421
4821
4126
3421
4311
4789
3901
3917
4028
4464
5160
3942
3813
3463
5706
4065
4146
4530
4684
3991
3339
4628
3747
5221
3527
3380
4414
4396
5046
4200
4269
5068
4941
3316
4130
4769
3555
4163
3977
4649
4244
4298
4988
5297
4478
4478
5365
3345
4468
3770
4502
3429
3388
4582
4789
3696
4715
4794
4605
4005
3423
5727
4347
4039
4544
4009
4299
3897
4240
4690
5198
4006
5117
5695
3454
5018
4658
5689
4140
5234
4124
4305
4455
3814
4777
3327
4466
4795
5887
3900
5678
4602
4441
4728
4760
4411
4183
4003
4753
4375
3343
4712
5496
4426
4570
4727
4512
4920
5036
4402
4476
4937
4758
3894
5753
5246
4896
4324
4405
5765
5115
3469
4549
5746
4789
4677
4966
4073
4382
4816
4752
4165
5454
5526
4387
4271
5876
5069
3234
3685
4946
4228
4649
4967
5263
4226
5359
4940
4137
4690
5340
5285
4953
5407
4286
4619
4326
4505
4031
3844
5098
4785
4913
4744
5030
4038
4400
4523
5176
5398
4575
4409
4780
5030
4600
4025
4710
5018
5745
4288
5024
3854
4877
4732
5461
5071
5094
4190
4287
4860
5075
5116
4679
5756
4977
4328
4899
4083
5234
4895
5797
4320
4809
4711
4372
5564
5208
4051
4700
4346
4641
4707
4930
4804
4929
4792
4914
4262
4819
5431
4677
4395
5390
4204
4592
4712
4756
5078
4965
4851
4744
4520
5741
4089
5900
5293
4573
4324
5562
6072
6190
5433
5256
5061
5519
4710
5533
5483
5730
4312
5359
5074
5477
5482
4701
5067
5595
5742
5142
6056
5359
5307
6127
5673
5573
4333
5353
5440
5278
4956
4979
5449
4848
5393
4211
5657
5386
5266
5249
5496
5047
4687
3939
4789
4998
4749
5495
5243
5567
5278
4812
6021
5611
5752
5802
5112
4990
4930
5290
4853
5288
4687
5951
5843
5271
5248
4988
6116
5025
5464
5538
4619
5885
4504
5647
5528
5434
4957
5046
5225
5544
4952
4704
5097
4992
5414
6014
4411
4540
5937
5667
5102
6287
5034
5831
5349
5010
5802
5671
4869
4948
6002
5445
5380
4787
5706
5959
5610
4846
6254
5792
5461
4518
5346
5063
5570
6166
5910
5273
5514
5335
5287
5033
5290
5758
5719
4618
5108
5352
4930
5022
5150
5025
6059
5726
5709
4842
5347
6378
5511
4777
4605
5361
5346
5440
5067
4648
6288
6128
5835
5475
6025
6075
5455
5675
6298
5557
5957
5400
5968
5996
6043
6002
5897
5235
6162
5395
5846
5042
5906
4943
5774
5296
6307
5412
6184
5344
5755
5442
6276
6286
5290
5699
4879
5050
4963
5781
5753
5746
5163
5731
5959
6347
5515
5652
6318
6149
5556
6321
5936
5676
5446
5937
5091
6213
6092
4879
6107
6187
5115
6080
5966
200
1 4967 495 9706
2 217 8949 9660
3 89 9565 9938
4 238 8110 8400
5 677 8356 9987
6 341 5576 8844
7 300 9049 9693
8 483 5670 8860
9 188 9174 9668
10 1161 2502 7008
11 5180 604 9296
12 6154 3334 9736
13 5145 3321 9812
14 91 5031 5818
15 1454 5742 9493
16 4762 3846 9948
17 4082 4629 8735
18 2522 2564 7119
19 6825 1398 9264
20 35 9082 9869
21 598 9109 9801
22 2941 5192 8382
23 2748 5240 8763
24 85 9873 9988
25 479 7632 9544
26 615 3476 8990
27 761 7301 9811
28 2094 2705 6021
29 3176 1510 8789
30 132 8965 9821
31 487 2485 4034
32 586 5980 9218
33 195 7907 9461
34 2839 3428 8806
35 111 9803 9972
36 497 8329 9938
37 69 9334 9920
38 57 9685 9964
39 2714 638 9721
40 1160 6344 9071
41 10 978 8289
42 10 764 5176
43 10 1639 5586
44 10 1964 5600
45 10 2014 4683
46 10 387 9875
47 10 846 5114
48 10 1010 6243
49 10 1204 8237
50 10 2098 9318
51 10 489 5048
52 10 2219 5562
53 10 42 3805
54 10 764 4584
55 10 1251 3770
56 10 2003 4729
57 10 1349 7954
58 10 1488 4938
59 10 1564 4766
60 10 368 6811
61 10 452 9822
62 10 905 8288
63 10 859 3409
64 10 1065 5188
65 10 198 7132
66 10 1070 3758
67 10 917 7212
68 10 1648 5856
69 10 2194 7622
70 10 2288 7280
71 10 2429 5090
72 10 1908 4942
73 10 62 8294
74 10 466 7272
75 10 124 3609
76 10 410 3621
77 10 1396 6073
78 10 2436 8135
79 10 888 9057
80 10 1889 7024
81 10 695 3498
82 10 37 3990
83 10 977 8539
84 10 1441 5578
85 10 920 8860
86 10 839 8077
87 10 2070 9165
88 10 2014 5959
89 10 1858 9417
90 10 608 6110
91 10 262 8966
92 10 1725 7239
93 10 1385 8672
94 10 1679 7829
95 10 789 9786
96 10 674 9230
97 10 1625 6217
98 10 640 8840
99 10 338 5177
100 10 616 4107
101 10 31 6854
102 10 1035 5455
103 10 1759 8545
104 10 494 9030
105 10 1845 6573
106 10 2335 5765
107 10 1502 5642
108 10 2090 7734
109 10 1937 4934
110 10 587 7334
111 10 1387 8975
112 10 2245 5309
113 10 2182 9138
114 10 2420 9098
115 10 568 5058
116 10 455 3433
117 10 1908 8458
118 10 53 4282
119 10 458 7461
120 10 1738 9553
121 10 1612 4948
122 10 727 5901
123 10 1578 5313
124 10 555 4715
125 10 1003 5258
126 10 860 9379
127 10 2177 5087
128 10 307 3706
129 10 881 8716
130 10 1906 7746
131 10 2434 5818
132 10 2380 7178
133 10 1034 8705
134 10 551 3630
135 10 1918 5174
136 10 1791 9363
137 10 1822 9202
138 10 2030 9649
139 10 1783 9891
140 10 2097 9886
141 10 264 6131
142 10 668 8651
143 10 505 6734
144 10 1556 5158
145 10 73 4044
146 10 293 5536
147 10 1168 5358
148 10 1160 3905
149 10 22 8179
150 10 348 8549
151 10 314 7118
152 10 2412 9457
153 10 2440 5971
154 10 564 7687
155 10 673 9066
156 10 1473 6722
157 10 2329 9251
158 10 924 8220
159 10 171 6649
160 10 328 3806
161 10 100 3887
162 10 1869 9487
163 10 163 9890
164 10 764 4278
165 10 2348 4897
166 10 6 6110
167 10 1928 8767
168 10 1643 5527
169 10 1182 8621
170 10 1939 4798
171 10 443 6010
172 10 815 5365
173 10 1376 4558
174 10 1407 6110
175 10 1261 9491
176 10 1674 9676
177 10 112 9068
178 10 26 5883
179 10 1580 9574
180 10 1896 6586
181 10 2269 9256
182 10 636 6713
183 10 991 3643
184 10 1321 5924
185 10 1894 9136
186 10 910 9881
187 10 1196 5315
188 10 959 9691
189 10 1283 5451
190 10 449 7033
191 10 2256 8520
192 10 994 6949
193 10 391 8969
194 10 1349 6243
195 10 241 5600
196 10 322 6588
197 10 1871 7326
198 10 488 9516
199 10 1866 9924
200 10 543 6385
