10
3000000
3
50
6139
6204
5839
6402
7169
9608
9301
9700
8642
8191
8590
8553
8290
7576
7589
7153
7234
7762
8247
7989
8769
8430
8469
8338
7754
8526
6617
7806
7135
5925
5944
4303
4491
3822
2030
3368
4013
2551
1851
3061
3286
3674
4504
4905
5801
6043
6148
6152
6804
8136
3
10
1 1 35 39
2 4 25 34
3 1 39 47
4 36 11 49
5 2 35 41
6 16 18 47
7 1 35 48
8 40 2 42
9 4 29 47
10 13 34 49
10
1 17 28 48
2 10 31 43
3 4 43 48
4 3 42 48
5 1 32 46
6 11 9 29
7 29 16 48
8 4 28 44
9 5 35 49
10 5 27 41
10
1 24 16 44
2 1 18 45
3 24 4 42
4 9 35 47
5 4 26 39
6 2 46 48
7 10 36 47
8 4 39 47
9 12 5 29
10 4 11 18
