200
850000000
10000
4518
3973
4160
4072
4592
3573
3070
3500
3204
4313
4053
3417
3113
4679
3199
3869
4416
4374
3661
3281
3214
4491
3368
3167
3693
3280
3944
4147
3582
4477
3832
3981
3208
4266
4111
4264
3962
4206
3606
3740
4209
4176
4464
4268
4399
4135
3520
3610
4495
4573
4328
4579
4560
4430
4739
4470
3639
3977
3376
3871
4599
3813
4272
4645
4345
3679
4248
4064
3702
4394
3723
4064
4954
3427
3938
4378
3991
3989
4744
4396
4166
4267
4802
4330
3466
3850
3640
4618
4291
4012
3786
3727
4076
3604
4466
4134
4750
3588
3673
3633
3940
3886
4033
3670
4867
4016
4628
3944
4697
4137
4704
4557
4761
4017
4381
4863
4456
3896
5161
4821
4604
4971
3451
4101
4643
4493
5036
4874
3938
4987
4273
4072
4099
4239
4795
5027
3775
4883
4142
4439
4759
4150
4302
4111
4634
3951
4889
3796
4420
4338
4206
3912
4292
4599
4322
5203
3656
4390
4810
4387
4517
5200
3721
3991
3841
5214
4833
3805
4426
4730
4016
4107
4308
5361
4959
5133
5356
5347
5006
4167
3920
4855
3934
4872
4048
4632
4422
5213
4947
5151
5665
5503
4457
4524
4284
4283
5375
4783
4545
5479
3782
4519
5295
5051
4063
5416
4876
5415
4084
5070
4409
4539
5473
4629
4375
4895
3710
4984
4838
5324
4958
4529
4221
4102
4559
4757
5036
4620
4856
4077
5049
5373
4820
5133
5187
4541
4243
5305
4731
4509
4984
4522
4022
4204
4219
4292
4752
3982
3973
5601
5121
4559
4140
5170
4783
4175
5198
4404
4590
4620
4928
4843
4643
4081
4939
4162
5647
4662
3962
5247
5810
4016
5388
4836
4778
4591
5166
6173
4234
4962
4490
5108
3870
5021
4777
5232
5037
5164
5535
5112
5621
5489
5799
4458
4866
5760
5024
4650
5631
4788
5853
5173
5120
4863
6424
5773
4861
5936
4654
4164
4773
5689
4736
4304
4366
4712
5198
4953
5717
4440
4419
4101
5042
4601
4722
4737
4263
5278
4585
5746
4680
5763
4744
4575
5075
6143
5235
6210
6383
5745
5719
6045
4456
4902
4887
5327
5657
5205
4284
4149
5427
5604
5460
5702
5137
5094
5598
5149
6597
4937
4771
4639
4520
5711
5027
4945
5494
5101
6371
4636
4945
6237
6341
4931
5297
5678
4494
5741
5382
5445
5294
6594
5534
6313
6357
4598
6487
4654
4785
4393
4714
5826
4166
5915
6284
5496
4883
6304
5424
4490
4931
4818
5385
5563
6542
4868
6136
4803
4848
5588
6283
6915
4293
6365
4894
3935
6072
5500
4506
6255
5113
4841
6322
5849
5312
4871
4549
5585
6733
5277
6262
5366
4633
5104
6031
4891
5930
5137
5213
4700
4715
7146
5990
6324
5553
5696
5844
5820
4920
4729
6425
6793
6323
6092
5523
5795
6313
6007
4817
5142
6909
5344
6203
4581
5837
6641
4729
5540
5726
5594
6769
6264
7012
5707
5955
4739
5911
5633
4405
5685
6212
5563
4315
5795
4817
5969
5905
6262
5708
4630
4960
4792
5962
6415
6254
5566
5540
5983
5102
6665
6866
5782
5451
5300
4592
5793
6000
5804
6699
6337
6017
4568
5964
5019
6923
4463
5729
6016
6013
6513
5481
4818
5435
4496
4871
5882
7171
5359
5903
5942
6731
6072
4869
5853
4931
5869
6033
6890
6893
5650
5116
5792
5268
6289
5847
4752
6495
6236
5710
5462
5897
4764
4719
4619
5903
5535
5191
4671
5928
4901
5198
4889
5892
5484
5810
5328
5890
6364
5588
5910
5833
5468
6409
5675
6445
5704
6867
7290
5354
5220
6194
4758
5494
7745
4929
5964
6776
6778
6943
5977
5921
5901
6445
5296
6219
6612
5903
6457
7356
4564
4803
5271
7093
5976
4963
5687
6076
5004
6014
7161
6440
6842
6742
5235
4968
6958
5635
6574
7482
5067
7128
6200
5396
7211
5480
6852
6124
5611
4899
4914
6423
5411
6123
6104
6358
4720
6410
6099
6992
4474
6377
5306
6614
5123
5725
5145
4725
6871
5025
6164
6465
6545
4511
5057
6421
6166
6305
5393
5931
4846
7016
5824
6708
6792
6633
4702
7114
5680
4466
5757
5955
6441
6444
5759
7026
6069
7433
6558
7243
7458
7680
8131
6676
5963
5021
6085
6126
6529
7554
7358
5504
6640
5574
6011
5944
5905
6646
7091
7342
5441
5821
5036
5796
6628
7544
5397
7866
6023
5419
7405
5576
5204
6579
6878
5911
6237
6260
7517
7113
5331
5812
5821
7213
5042
5932
5369
7933
5921
4849
5628
7196
6845
7654
5420
5731
7439
5183
6760
6612
5199
6056
6501
5483
6326
5715
5974
5940
6684
5607
5171
5595
6078
6658
7309
6260
7643
7007
7309
7831
6634
5418
5901
6221
6781
4863
5787
6649
5491
6187
6078
4782
6398
5569
5534
5914
6447
5121
6058
4825
7719
7562
7046
6261
6400
5268
6200
7123
6330
5747
6705
6160
5810
5778
6155
7970
5818
5389
6941
5712
6228
8047
7254
5553
5630
7974
5337
7225
7455
5376
5251
8278
7881
7213
5877
5607
6023
5738
6773
6549
5560
5852
6803
7437
5176
6283
7140
7117
7422
7197
5068
6719
6524
7454
5595
6219
6464
5609
7105
6907
5926
8240
7897
6095
7699
7250
6733
6225
5413
5817
7081
7059
6117
7450
7969
6905
5471
6896
7973
6247
7184
7899
7615
7256
6255
5510
5866
6590
7783
6728
5304
5659
6918
5020
5323
6479
6772
7149
5392
5823
6126
6436
5645
5347
8256
7096
6845
5637
7620
6598
6546
8374
8385
6327
8282
7633
7842
7782
7559
6541
7810
5805
6782
5711
6525
6730
7816
6249
6137
5883
5371
6322
6211
7471
6805
5728
5886
6349
7177
6455
6265
5989
6713
7716
7537
7891
6888
7297
6366
5607
4953
6366
6815
5903
8118
7980
6936
6276
7322
7567
5722
6588
6833
5408
7153
6158
7646
6910
6541
5042
6822
6697
7558
6463
6697
5490
5352
7161
6734
6126
5331
7999
6867
6785
7191
6307
5848
7196
5336
5147
6483
6959
6036
8021
6955
7703
7097
6396
5785
7165
7463
7775
5600
6175
7957
7353
7099
5168
6757
6248
7854
5718
6290
7726
5931
5615
6729
5555
8009
5718
6614
5268
7219
6180
6866
7832
5555
7210
6236
7701
6358
6898
7322
5309
5875
6893
6262
6850
6379
7018
7620
5843
6333
5423
6403
7103
7187
5987
7039
5840
5748
7206
8076
6920
6583
7481
6823
6338
7791
7935
6058
7298
6554
5773
8192
8264
6730
6219
7036
5462
6449
6121
7397
7080
7588
6644
5751
5964
7683
6687
6106
6505
6787
6607
6550
7022
7131
7116
7116
6214
6261
6599
6742
7553
7053
8384
7601
8073
7220
5854
7618
7373
8390
6464
7080
5680
7753
5889
6978
6942
7605
7711
7119
7049
7387
7220
6464
7329
5667
7003
7109
6072
5606
6082
6340
6499
5406
7230
6405
7691
5216
5624
7699
5815
7353
7703
6047
6645
5541
6762
6798
6599
7709
7728
6304
6148
6419
7690
6833
6731
8059
5664
7494
5907
6575
7002
7918
6703
7938
6187
6938
6617
6231
5932
7642
7808
6764
6567
5931
7855
6525
6032
5940
7308
6780
7153
5887
6031
7760
7348
6758
6335
6556
5611
7299
7493
5943
8385
6500
6575
7351
6970
6539
6565
7164
6397
6297
5405
7737
6924
6615
6740
6010
5983
7892
7090
5330
6881
6597
6871
7795
7109
6683
7238
7241
6545
7130
6713
6969
6647
7546
6631
8029
7179
7212
6847
7175
6588
6576
7074
6472
8081
6071
7377
6110
6302
6985
7847
6115
7086
6598
6816
6151
6932
5950
6857
6246
6961
7393
6824
5543
7626
7105
7422
7828
7013
6241
5534
6802
6056
7584
7167
6376
8303
5646
6310
6825
8126
6772
7294
6552
6271
7107
5964
7196
6892
7997
7797
6703
6289
7750
6302
6882
6895
6411
6304
6641
7195
6701
6191
6217
5996
7169
7663
6807
6519
5707
5819
6344
7094
6571
6312
7239
6245
7410
6791
6627
6225
6668
6249
7607
6476
6967
6850
8369
7256
7295
7345
6558
7728
7122
6098
6560
6494
6855
5621
7410
5690
7496
6421
7507
7219
6917
6179
7168
7626
6603
7003
6182
7151
7196
5863
6225
7204
6598
6653
6352
6764
6101
7424
5988
6057
6572
7302
6766
7392
6989
6274
5651
7678
7366
6587
7605
6719
7699
7180
6919
6645
6066
7368
6797
5672
6509
6766
7130
5828
6263
7448
7810
7655
6926
7602
6435
8112
6974
7296
6868
7879
7220
7333
6956
6674
6634
6607
6267
7533
6878
6414
6640
7365
8184
6093
5939
7106
6874
7256
6660
7724
7240
5953
7128
6158
6781
6012
6607
7666
7862
6157
6687
6964
6233
6968
6375
5845
7020
7131
6713
7322
6748
6809
6284
7246
6573
7053
5934
6510
7356
7227
6389
7273
5688
7386
6552
6261
6869
5885
7548
6471
6124
6910
6884
7113
6426
6664
6158
7038
6890
7526
6450
6528
7280
6693
7203
7104
6732
6487
6252
6540
6664
6855
7076
6646
6531
6987
5941
7266
5854
6680
6027
6968
7168
6412
7028
6460
6967
7460
7133
5795
6247
6465
6206
7658
7337
6866
6913
6827
5947
6919
7520
6696
7165
7091
7294
7069
6871
6831
6220
6828
7280
6497
6001
6522
6328
6777
6655
7053
7247
5929
6519
6064
7720
6382
6694
7828
6107
7207
5967
6111
7066
7299
6786
6583
6912
6813
6185
6712
6561
7495
7202
6857
7137
6454
6928
6558
5883
7081
7312
6681
7419
6848
6451
7380
7275
6304
6457
5927
7048
5897
7016
6412
7349
6530
7349
7748
5831
6288
7104
7166
6189
6586
7206
6693
6161
6393
5865
6300
7023
6102
6871
5928
6536
6214
7064
6766
6297
7403
6570
6573
6642
6579
6852
5967
6289
7374
6830
7419
6798
6366
7237
6092
6081
6696
6949
6690
7132
6910
7119
6905
6456
6728
6527
5863
6380
6857
6259
7101
6865
5987
7142
6285
6782
7029
7503
6605
6648
6850
6357
6502
6942
7147
6664
7408
7587
6108
7519
6395
7273
6926
7225
6244
6409
6337
7225
6284
7111
6894
6708
5962
6798
6756
7420
6315
6275
6416
6804
5792
6991
6351
6997
6911
6627
7279
6194
7224
6715
6076
5929
6588
7015
6333
6561
6373
6633
6636
7079
6626
7170
6043
6906
7264
5971
6428
6096
7166
6571
7142
6829
6615
6092
7291
6127
6988
6432
6681
6049
5853
7295
6489
6153
5761
6646
6281
6860
7060
6016
5884
6458
6885
6249
6727
6412
7053
5850
6463
6240
7156
6320
5808
6962
6081
6385
6519
6433
6980
5703
7340
6108
6082
6456
6702
6972
6442
7128
6895
6244
6509
6813
6852
6022
6689
6926
5945
6683
6206
6588
7213
6180
5913
6620
6957
7461
6868
6771
7178
6573
7254
7126
6269
6239
6717
6873
6097
5987
7311
6366
7196
7198
6931
7319
6760
6522
6908
6693
5793
6505
6882
5881
6172
6764
6557
6281
7475
6225
7026
6496
6647
5607
6272
6389
6235
6428
6463
7218
6304
5912
7035
6194
6327
6233
6839
6971
6630
5884
6732
6314
6313
6557
6177
6681
6779
7164
7052
6071
6294
6590
6518
6959
6038
7108
6292
6712
6943
7202
6073
6537
5651
6336
6774
7014
6430
6450
6141
6806
6542
6183
5719
6905
7096
6184
6174
6125
6159
6699
5828
5541
6432
6990
6813
6925
6978
6025
5857
5861
5941
6381
6783
7006
6979
6497
5714
6145
6783
5567
6213
6412
6525
5981
6767
6186
6545
7199
6422
6284
7132
5730
6325
7100
6771
6966
7371
6141
5825
6274
6286
6882
6803
7650
6115
5834
6650
6941
6063
7146
6093
7612
6054
6255
6407
6658
6272
5972
6108
7113
5973
6032
6573
6235
5755
6351
5941
5405
5852
7194
6231
6169
7537
7463
5441
6930
6156
7493
6773
6763
6473
6602
7455
5854
5838
6264
5991
6516
7241
6781
6976
6814
5979
7089
6843
6618
5907
6544
6256
5820
6017
6654
7153
6795
6261
5441
6375
5917
5873
5523
7113
5823
6680
7030
6166
7229
6734
6357
6207
6306
7079
6719
6356
5730
5776
6094
6699
5990
6440
6416
5406
6009
6646
5960
6637
6328
7469
6534
5574
6401
6704
6760
6964
5879
6485
5429
5385
5623
6093
6630
6462
7430
6466
5985
5371
5276
6207
6112
6197
5534
7391
6427
5246
5370
5960
6562
6766
6137
6408
6142
6553
7070
5854
6559
6095
6381
5662
5362
6191
6694
7603
7413
6643
5758
5844
5485
7033
6200
6445
6063
7218
7448
6724
6128
5378
5726
6175
6969
6464
6707
6297
7128
7546
5764
7195
6844
6454
5565
7228
6268
5818
5815
6448
6703
6235
5784
6610
5287
6166
6811
7270
6302
6251
6346
5966
6630
6296
6675
5663
6574
5969
6742
6430
5537
6269
6737
6097
6838
6795
5837
6815
6417
6372
5449
6202
6788
7261
4946
5947
5849
5963
5127
6760
5682
6930
5652
6474
6117
6345
6432
6369
7081
5233
6402
6599
6443
6363
5535
4623
5228
6596
5727
5615
7347
5725
6481
6564
4967
6423
6782
6416
5692
6690
5732
6813
6210
5889
5618
6445
5503
5619
6274
6753
7220
5944
6331
5856
6020
5607
5831
7104
6190
5227
5162
6326
5897
5577
5936
7232
5698
7879
5719
5081
6405
6318
6696
6723
6047
6291
5593
6963
5924
5802
6979
6155
5723
6513
6510
5996
4807
6227
4932
6295
6489
5671
5881
6275
6542
5619
7504
5641
5896
5286
6867
5613
5435
6063
5478
6233
6051
4583
5280
6787
5942
6449
5694
6291
6520
6042
7165
5784
7107
6505
5779
5981
5791
5523
7376
6572
6255
7166
7162
6420
6334
6420
5206
7596
6248
6800
7141
6451
5990
5686
6046
6450
5356
6816
6998
5620
7560
7255
5497
5409
6574
5969
6068
5937
7115
5166
4431
6597
5874
6435
5484
4957
6600
7351
6070
6586
5958
6151
6042
5816
5810
6020
6101
5979
6197
6142
6571
7263
7242
5199
5577
6261
5848
6387
6871
6602
6273
6815
6201
6032
6106
6052
6422
7071
5884
4869
5449
7311
7237
6999
5245
6057
6119
7820
6082
7416
6562
6176
6153
5565
5598
4900
7314
6627
5394
6239
6506
7195
5253
6421
6093
6566
4910
5039
5541
5875
6820
6402
6605
5961
7443
6213
6609
6103
4836
6933
6845
5315
5891
6004
5706
7488
6105
5582
5241
5322
6114
6227
5044
6207
6197
6654
5408
6023
5366
7364
6256
6352
5918
5506
6900
7026
6285
6826
6909
5924
5552
6728
7446
7103
4743
4514
7476
6333
5204
5947
6935
5658
6010
5106
5641
6527
6195
7056
7342
7142
6163
5218
5386
7089
6651
5504
5432
5233
4884
6991
6632
6225
6128
5239
5542
4686
7572
5184
5594
6585
4564
5048
6384
6132
6133
7573
5812
5975
6322
4992
6096
7573
4723
7456
7100
6550
6411
4747
6475
6384
5611
5768
7616
7029
5924
5394
5544
5105
6769
6076
5887
5798
6319
6795
5163
6457
4932
5661
5614
5403
5697
6527
5704
5021
6785
5335
6474
6934
5868
5532
7785
6488
4953
5976
6379
5557
5147
7670
5326
5669
6380
6593
6929
6580
6607
5024
5798
6212
4801
7394
6715
7023
7649
5776
6857
6318
6510
5861
5371
6939
5140
4845
7770
5671
5675
7198
5256
5523
5282
6636
6142
7035
6441
5685
7506
7302
7281
5820
7411
6064
5191
6866
5627
4821
6300
5246
6278
5352
7509
7123
4954
6607
5952
5053
6691
4934
5448
5555
5960
7156
6580
6089
7372
7264
5906
6033
6162
6019
5548
7485
5072
7214
5187
6433
5437
5872
6095
5718
6442
6328
6856
5747
5532
6856
7156
8021
6790
6242
5795
6176
6100
6185
6609
5848
5952
5537
6858
4748
4717
5870
6648
6505
7010
7317
6612
6744
5959
7026
5566
5223
6449
4975
6591
5104
6838
5880
4962
6365
5771
6375
5782
6685
6330
6892
6634
4459
5881
6671
5735
6097
5888
5740
6472
6589
7727
6608
4560
7435
7012
5983
6828
5594
5690
6493
5959
4526
7236
5457
5823
5434
7730
6012
5802
6728
6766
6009
6445
4884
7650
7106
6757
6034
7424
6374
6457
7030
7180
5818
4714
6927
5893
6699
6945
7745
6787
7538
5540
6350
5274
4728
5268
6814
5756
6509
5667
6455
5899
7477
6401
7661
4624
5930
5857
5960
5004
5357
7055
6136
7394
6845
7817
5313
5109
6213
6016
6000
6818
6434
6183
5975
4951
5583
6255
6544
7142
5033
5092
5412
6529
4638
6661
6322
5478
5445
6332
5107
6152
7032
7869
5807
7461
6303
6426
7683
5537
6496
5798
6312
6998
6726
6217
7433
6967
5802
6746
5557
6948
5729
6885
7054
6819
5898
6974
5000
6500
6702
6370
5373
6463
6444
6130
6246
5706
6792
5328
5885
5711
5906
4984
5855
5472
6687
5646
5695
6111
5452
5610
6909
6298
8073
6599
7071
5991
5075
6726
6595
5475
6690
6577
5914
7740
6647
5643
6847
5515
6924
6077
6423
6595
7116
5521
7535
6012
5275
5960
6962
6481
5265
6658
6910
5605
5964
6029
7401
7190
5748
6061
6199
7218
6000
6148
7182
5511
5073
5941
7030
5071
6430
6431
6131
5433
6192
7475
6016
5620
6951
6308
6189
6560
6734
8131
6865
6118
7568
5800
5196
7020
7044
6581
8121
7543
5306
6755
6651
7564
6288
5707
6886
7638
7729
5957
6714
7713
5739
7218
5850
6965
6215
5971
5132
5907
6837
6967
6028
6270
6878
6846
5612
7171
5270
6071
7005
7069
5561
6892
5551
7469
7302
6606
7095
7025
6012
6589
5742
6203
5579
5990
5890
5900
7054
5503
7520
5349
7068
6302
6660
6733
5668
7189
4690
7161
7083
6100
7138
5406
7927
5558
5762
5880
6452
6477
5796
6699
6012
5736
6507
6570
5166
5976
5600
6702
5628
5996
5805
7371
5933
6963
5860
6718
7819
5697
6142
6903
7258
6604
6103
6603
7531
5774
5983
6778
6085
5182
5296
6325
6202
6472
5863
6502
6391
5393
5400
6513
6714
6958
6951
6693
6160
6427
6441
7336
7094
7419
6275
7227
5801
7468
6823
7331
6842
6977
6352
5530
6694
7533
7563
6329
5612
6251
6663
6846
6132
7274
6164
6878
5419
7224
7855
6772
6538
6831
6999
6873
6622
5652
5365
5720
6140
7051
6590
6248
6547
5189
6711
5411
7823
7137
6260
7245
7093
7519
5641
6863
6570
5989
6735
7705
6258
5750
6959
7822
7041
6672
6983
7197
6852
6113
6374
6382
6244
5854
6742
7375
7102
7212
7066
6884
6530
7888
6195
7340
6360
6555
7190
5638
6619
5910
7393
6239
5662
7380
5839
6378
6721
5988
6754
6758
6220
6855
6729
7783
6395
6297
7797
7494
6601
6540
6866
6351
7424
6240
7606
6638
7154
7131
5572
6717
6465
7082
5886
6704
6826
7083
6967
6982
6222
5404
6483
7148
5768
7606
5797
6456
6526
5583
7001
7232
5860
7411
7184
7146
6276
6362
7623
7057
7054
6797
7128
7370
8057
6642
6970
5914
7522
5775
7168
5983
6625
5763
6726
7128
7859
6352
6679
5762
5949
6761
6639
6270
6639
7380
6043
7122
6403
5955
6838
7099
6330
6286
6730
7612
6953
6902
6681
7103
6856
6273
6954
6581
7708
6316
7022
7079
7592
6916
6361
7139
7431
6803
7069
7249
6549
7374
6511
7445
5714
7199
6738
6989
7110
6484
6384
7889
7006
7151
6006
6490
7197
6657
6827
7292
7426
6567
6309
7164
7253
7574
6825
7019
7614
7024
6141
7387
7440
7009
6821
6104
6638
6747
7074
6238
6024
7605
6963
7341
7604
6991
7941
7260
7146
7629
6350
7104
7873
6849
6398
7708
7608
6428
6308
6888
6483
7102
7266
6827
7346
7032
6923
7328
7301
6451
7031
7793
6787
7632
7788
6685
6012
6716
6851
7434
8151
6949
6979
6837
7032
7229
7517
7354
7897
7320
7073
7553
7775
7603
6717
6735
7657
6536
6843
6747
7371
7027
7260
7003
6137
7451
8004
6973
7076
6427
6786
6933
7491
7103
7680
6773
7285
6923
6407
7083
6237
7700
6952
7343
6760
7245
7017
6807
6709
6822
7245
7406
7634
6866
7401
6944
6433
6576
7156
7233
7285
7568
7547
8037
6347
7417
6874
6747
6577
7693
7251
7490
7741
7754
6214
6375
6690
6398
6834
7277
7141
7214
6521
7221
6555
6968
7336
8014
6934
7065
7043
7004
7765
7488
7401
7084
6779
8120
7243
7321
6501
7120
7365
7812
7412
6503
6968
7309
6708
7598
6703
6689
6924
6445
7558
6534
7734
6523
6783
7902
7760
6980
6595
7063
7887
7363
7343
6784
8123
8183
7255
8005
7040
6629
7357
7666
7703
7486
6664
6979
7278
7163
6737
7214
7172
7540
7203
8151
6952
7246
7108
8229
6849
7611
6985
6930
7644
7521
6942
7276
7992
7078
7714
6766
7838
7493
7557
7312
7278
7677
7236
7749
7862
7650
7276
6766
7441
8101
7990
7203
7753
7341
6980
6764
7318
7640
7876
7507
6712
7895
6854
7628
7530
7380
7626
6841
7450
7077
7491
6950
7366
6788
7799
6740
7696
7421
8065
7350
7512
7023
6644
7272
6629
7086
6963
7391
7800
7414
7051
7507
6902
7326
7505
7609
7599
8088
7841
7903
7928
7678
7266
7637
7710
7506
7608
7097
6869
7666
7003
7982
7372
7384
7882
8003
7174
6583
6963
7999
8007
7203
8030
7981
7866
7105
8272
7197
8301
7077
7866
6699
7926
7044
8225
7099
7597
7116
8169
7591
6568
7112
7226
7394
7029
7959
8603
7947
7898
7980
8378
7355
7428
7806
8488
7760
7562
7981
7008
7272
8180
7783
7159
7464
7715
6800
6641
7187
8521
8316
6624
7701
7552
6789
6611
8352
8218
6842
8255
7013
7418
7198
8005
6985
7721
7563
7789
8041
7120
7470
7363
7934
7720
7005
7625
7698
7971
7564
7244
6968
8039
8064
7115
7783
7620
8489
8036
7581
7020
8140
7542
6792
7482
8310
8030
8428
6840
7051
7967
8043
7282
8408
6700
7692
7066
6970
8035
7932
8228
8241
7376
7699
8066
8207
8435
7357
6477
8015
7671
8321
8115
7449
8001
7905
7146
6797
6853
7246
7786
8090
8076
8250
7980
7720
7821
8212
7421
8166
7866
7260
7264
7681
7398
7778
8060
7760
7641
8167
8325
7979
7192
8218
8796
8318
8091
7937
7359
6615
8212
8593
7010
8268
8379
6888
6889
8431
6566
8780
8223
8504
8261
8464
8302
7602
7754
8523
7739
8605
7264
7367
7596
7881
7871
8815
7170
8699
8279
8240
8502
8025
8076
7074
7579
7909
8093
7093
8592
8185
6586
7908
7811
8104
7248
8055
7541
8745
7747
7867
8362
8277
7288
8762
7583
7949
6608
8773
7861
7529
7448
8765
7731
8845
7513
7593
7305
7267
8500
7598
7551
7885
8501
8056
7670
7713
8143
7605
7380
7248
7953
7480
7600
8474
6834
8750
7444
6641
7555
7381
7162
7357
6916
7948
8812
7801
7042
7717
7939
8148
8265
7436
8903
7269
6942
8361
7732
7297
7858
8080
7271
8110
8021
7874
9157
8748
7793
7268
7788
8287
8184
7616
7283
7880
8149
7454
7510
8345
7393
8018
7641
6634
7176
7820
8959
8179
7375
8850
8338
7776
7553
7655
6681
8119
7542
7940
8568
8043
7285
8396
8038
7170
7889
8895
8623
8191
7438
7709
7649
7285
8419
8594
8486
7427
8390
8266
7662
8084
8680
8418
9078
8497
6771
6573
8753
8687
7626
7709
8119
6466
8026
7503
7424
7271
7957
7531
7830
8313
7893
8712
7977
6712
8380
8097
7186
8740
8258
7931
9153
7183
7301
8537
8079
8432
8754
8437
7935
7108
7080
8334
7916
6653
7665
7037
7658
7663
7205
8848
7914
8657
6968
9177
7418
8211
8098
7444
7268
8364
8306
8587
7986
7463
8536
8248
8108
7433
8013
7865
7804
8386
8166
6547
7680
8077
8402
8225
7094
7963
8174
8471
7305
9148
6785
8880
7863
6886
7512
7877
6749
8253
8622
7537
7013
8360
7328
6966
8961
9211
8971
6333
7216
8987
7666
7999
7824
6484
8034
7071
8142
7049
7979
8492
7403
8136
7411
8364
8096
7443
8295
6884
7594
8007
7371
7690
7748
8426
7750
7555
7475
8134
8868
7763
9082
8145
9175
8581
8456
7197
6935
8829
7853
7123
8096
8895
7448
8781
8307
7878
9235
7739
6430
7108
7042
8445
7074
7426
8362
7623
8684
8169
9383
7642
7752
8535
7101
7463
7511
8955
7824
7154
7300
7424
7288
8123
6913
8716
7013
8366
6918
7276
7166
7861
7975
6752
9506
7734
8082
7983
7548
7744
7647
8273
8123
8037
8410
8864
8468
7691
8433
6800
8368
7114
8430
8308
8263
8474
8752
8145
8971
8253
7688
8122
8004
8128
8226
6828
8840
7668
8524
7378
8113
9192
7401
8838
7645
7812
7695
9028
7075
8093
9725
7212
8772
7917
8490
8831
9225
8118
9127
8617
7426
7012
7857
7550
8781
7988
7353
7808
8722
9379
8917
8240
9620
7351
6539
7733
7376
8621
9317
7238
7486
8964
8689
8593
6713
8319
8019
8445
8338
7466
8550
7352
8850
7228
8881
7201
7192
8024
8386
6762
8005
8169
7741
7756
9006
7160
8596
7749
6901
8108
8697
8921
9419
7332
7388
6950
8245
8398
6922
7681
6957
8414
8651
9146
6683
7628
7480
7917
7470
7473
8973
8270
8463
7368
7758
8750
8845
8211
7197
8071
8110
7652
7952
7703
7485
6758
7510
6910
8505
8782
7776
7877
6627
8218
7667
8324
8616
7794
8757
6891
6423
6823
8167
8175
7992
8391
7478
8581
7011
8969
8158
7361
6723
7844
8644
7645
8512
8919
7630
8362
7959
7656
7591
7451
6901
9049
8972
6426
8220
7275
9677
6767
8197
8620
8069
8251
8929
8185
6480
8358
8710
7857
7039
7049
8495
8489
7841
9588
8475
7187
8527
6632
7202
7721
7648
8846
7578
7639
7198
7693
7399
7934
7269
7640
7851
7531
6420
9170
6291
9078
7195
8705
7167
9548
6347
6160
7555
7766
7467
7484
7731
7842
6944
9475
7636
7350
7363
7706
8093
7887
8864
7838
7062
7280
9036
8350
7586
6274
9403
8107
7144
8322
6921
8804
6759
8509
7378
7243
9045
7692
6824
8216
8169
8632
8605
8382
7042
7806
7965
7135
7498
7666
8888
7798
7300
8496
7948
7005
6797
9266
8065
7079
8012
6811
7291
8881
7611
8788
8508
8480
8387
7264
7757
6924
7303
8210
8191
7430
6338
7133
7953
6938
6869
7688
8281
7470
8307
7923
8344
7008
7659
6472
7016
7832
6789
8448
8610
6127
7686
6310
8128
7453
8352
8214
7647
6443
7203
8431
8735
8028
8253
6905
7280
8605
7881
7757
8953
6299
8560
8337
8412
7903
8315
7176
7616
6884
7864
8265
8918
9237
8751
7538
6471
8419
8670
6899
6509
7926
7259
6953
7269
7443
7601
7880
7396
7412
7992
6686
7521
9272
7906
7600
6655
7506
6158
9032
8132
8206
6937
7045
8814
7991
6342
7088
7958
8473
8709
7434
8468
8454
7567
6816
9005
7010
8114
6979
7727
8043
7650
7900
8027
8280
8190
6801
7684
7407
7497
7551
7879
7365
7513
7048
7515
8700
8258
6333
8096
6148
7167
7385
8686
6582
9143
7102
7888
5727
6849
8116
8197
7097
7164
6521
7525
7878
7357
7709
7152
7575
6181
8672
6428
7268
7682
7392
9121
7354
8481
6917
6814
8147
7720
7501
6647
5958
7530
6807
7725
8059
7638
8051
6307
6673
8539
8413
7079
8082
7854
7064
6636
8385
8072
6340
6794
6963
7969
6923
8252
7384
7134
7460
7634
8136
6329
7288
7433
7775
7897
7940
6827
7514
7706
6948
7803
8009
8055
8040
7853
6655
7820
8122
8360
7556
6954
7043
6492
8249
7409
8628
8451
8577
7479
7399
6982
7857
6937
6323
8642
7893
7218
7316
7210
7581
8097
7255
7559
7319
6796
6011
7388
8456
7824
8820
6965
6580
7924
6718
6257
6479
7300
7147
8482
7178
6311
6404
6342
8120
6694
7095
7054
6367
7310
6593
7321
7337
7454
8130
8461
7127
7279
7095
6731
8261
8586
7321
7433
7508
7944
6858
7828
7812
6652
6343
6910
7040
7666
6130
8285
5922
8707
6925
7669
6207
7312
8135
8872
7371
7289
7463
7147
6523
6571
7964
6997
7676
6779
6139
7776
7564
7707
8137
6178
6823
8143
6579
7410
7448
7383
7138
6837
7554
7716
7551
6301
8014
7266
7221
6891
6559
7520
8248
5941
6619
7123
7328
8000
7927
7275
7962
6923
8193
8416
7368
7740
6443
6710
6200
6587
7378
7871
7232
7819
7556
7140
6411
6498
7640
6922
7481
7980
7209
6204
6606
6337
6937
7325
7143
6808
5966
6227
6119
6299
7151
6150
6713
6404
7333
6417
7001
8014
7404
8281
7189
6986
6524
7380
7838
7175
8303
7037
5925
6708
7916
6923
7340
6814
6781
6645
6174
6521
6380
7156
8194
6887
6248
7341
8097
7309
7470
6527
7443
7895
7304
7733
7235
6879
7665
6610
7688
6541
8263
7536
6976
7260
7212
7356
7045
6719
7067
7285
5903
7119
6290
7186
7220
7077
7206
6682
5682
6824
6462
7278
6565
6380
7501
7663
6639
7311
7150
6575
5779
6713
6739
6849
7563
7801
7941
6757
6566
5487
6520
7237
7684
7295
7410
6620
6729
6648
6174
7580
6718
7066
7191
7086
6204
6637
6890
7564
7402
6520
6178
6834
7177
6735
6858
7690
7299
7241
6520
6051
7239
6530
6357
6781
7342
7033
7472
6324
7278
6615
6904
5600
6804
6544
5561
6349
6699
7522
6804
6818
6628
7641
7020
6552
6580
7763
6274
6528
6239
6706
7161
7292
6641
6808
6946
7203
7500
6754
7374
6488
6564
7038
6884
6838
6187
6541
6668
7010
6684
6136
6264
6867
7211
6609
7609
6219
5677
7029
6996
7019
7412
6992
6097
5688
7474
5755
5917
6914
7512
6950
5662
6432
6673
6189
5940
6086
7154
6056
6349
5993
6194
6216
6397
6056
6168
6933
7216
6566
6478
6328
6067
6885
7154
6086
6596
6900
7459
6854
6562
6997
6713
6411
6857
7180
5739
5741
6631
6904
6241
5918
7435
7325
6279
6242
6574
7074
5922
6131
7116
5830
5634
6584
5797
6383
6026
6824
6327
6453
6307
6940
5970
5801
6051
6544
6091
5913
6449
6271
5606
6096
6977
6911
6983
6568
6027
6148
6189
6504
6140
7017
6194
6711
6179
6837
6491
5983
6771
5883
6201
7099
5806
6247
5640
6484
6853
5998
6754
6852
5320
5506
6296
6523
5781
7003
6920
5847
7045
5843
5888
6264
5854
6338
6435
6772
6243
6314
6577
6024
5564
5974
6681
6413
7013
5585
6040
5740
6706
6438
5959
6884
5794
6562
5478
6443
6017
6335
5796
5928
6121
6080
6746
5558
6156
5325
6226
5940
6703
6454
5692
6155
6730
6610
5899
6244
6435
6116
6773
6668
5814
5908
5668
6472
6891
6494
6408
6019
5760
6545
5281
6091
5555
5735
5978
6389
6185
6220
5633
5223
6335
6373
6473
5686
5826
6318
5550
5725
5478
6032
6639
6605
5268
6004
6545
6312
5034
6418
5881
5260
5564
6020
5270
6332
6045
5782
5238
6153
5972
5427
6481
5179
5984
6091
6527
5534
6341
5215
5977
6420
5012
6544
5913
6649
5363
5766
6052
5976
6042
6251
6539
6453
5859
5908
5626
5818
5971
5341
6100
6243
6061
5931
6162
6003
5620
5794
6283
6000
6282
5202
5850
6041
6146
5383
5725
6186
6142
5794
5374
5759
5304
5282
6180
5460
5002
6417
5339
6629
5671
5294
5835
6076
5200
6046
6186
6450
5838
5121
5401
5853
5878
5880
5480
6483
6007
6276
5874
5598
5540
5143
5741
5368
5161
5984
5411
6036
6410
5593
5063
4812
5146
5370
5952
5266
4774
6467
5052
5826
5240
5553
5580
5169
5946
5914
6241
5542
6081
6499
6066
5978
5371
5078
5122
5165
5843
4983
5975
5295
4972
4929
5080
4939
5674
5257
4925
5799
5498
5714
5083
5065
5654
6041
4998
4760
5113
5858
5398
5199
5123
5318
4592
4497
5492
5083
5254
5614
4861
4491
5020
6099
5639
5875
5202
5856
4991
5509
5241
5724
5857
5310
6210
5399
5551
5759
5853
4961
5368
5752
5457
5181
4512
4575
5087
5880
4536
6156
5893
5944
4569
5521
5217
4914
5090
5471
5133
5705
5404
4657
4936
4560
5076
4574
5732
5383
4398
4764
4488
4620
4379
5276
4499
4853
5189
4418
5635
4962
6089
4957
5498
5497
4891
5059
4512
4685
4645
5742
6406
5677
3908
5792
5069
5071
5204
4379
4972
6172
4714
5374
4581
3989
5620
5962
4974
5209
5691
5691
5620
5564
5891
5065
5077
4985
5310
4988
4458
4485
4674
4849
5703
5308
4790
5182
5025
5508
5826
4227
4484
5726
5622
5267
6034
4865
5571
4939
4834
4899
4961
5495
5048
4742
5190
3773
4681
5625
3964
4625
4696
5072
4580
4930
3834
3998
5050
4564
4833
5886
4506
4700
5173
4000
5337
5385
5378
5135
5523
5500
4214
5679
4554
5526
5340
5311
5062
4441
3707
4668
3635
4427
5168
5270
5361
4687
5727
4209
5324
4488
5560
5227
4153
3853
3829
4826
4671
4541
4131
4626
5346
5227
4422
4428
4467
5809
5261
4686
4715
3550
4666
5131
4406
4991
4993
5575
4333
3618
5537
4876
3269
3715
4281
4623
4720
5753
5085
5009
4868
4201
5260
4985
3860
4967
4865
5262
3848
3830
5096
4573
5988
4685
5280
4028
4909
5104
3537
4325
3803
5184
4895
4805
4532
4303
5135
5463
4709
4623
4220
4791
3849
5112
5405
5203
4769
5192
4077
5642
4517
5691
4704
4665
4253
4841
5261
4961
4700
4241
4857
3607
5037
3635
4735
5988
5887
3430
3758
4683
4537
4319
5528
5350
4195
3399
4888
5582
5764
5534
5004
4756
4036
5643
3709
5241
5544
4398
3745
4644
5376
3676
4064
4259
4123
5405
4267
4924
4278
3410
3932
3967
4476
3498
3304
3214
4528
4687
6068
5118
4333
4937
5613
4228
5441
4574
5745
3855
5027
3290
4710
4973
4678
5318
3979
5822
4723
4084
4464
3697
3918
5013
3687
3303
4616
4813
3838
4317
3853
5176
4981
5744
3529
3185
3853
4010
5049
4318
4927
4437
5398
3687
5276
4554
4299
5215
3373
2997
5211
4496
4963
4405
4993
3797
3749
4229
3490
3678
4829
4993
3803
3581
2929
4896
3674
5015
3696
4556
3659
4548
3703
4736
5016
3882
4264
4536
5084
5497
4432
4956
3485
3252
4724
3869
3783
4335
3960
5079
3702
3580
3848
3568
5309
4650
2641
4832
4869
2908
4864
3066
3952
4116
3964
4612
4797
4585
5736
4703
4330
4443
4739
3380
3659
4300
4153
3196
3741
4160
4096
4919
5252
5390
4843
4110
3597
3991
3793
3952
3468
5456
3834
3151
3574
3617
4580
3828
4187
3119
3637
4796
4006
2808
2978
3029
4311
4540
3619
4300
3321
5216
4810
3348
5545
5610
4151
3353
3489
4123
2522
4492
5129
4709
3665
3298
3474
4777
2798
3682
4355
3415
2532
2466
3895
4235
3909
3989
2686
4711
3556
4022
2546
4622
4164
3030
2974
3456
3482
3733
4544
3409
2816
3462
3696
3087
5177
3271
3051
4106
4090
4302
2512
2957
5540
3615
3239
3250
3924
3420
3960
3954
3575
2913
3988
2331
4521
3595
4568
5114
4031
3546
3072
3494
2438
3897
3809
4443
3241
3813
3938
5266
4745
4560
4754
2565
4452
3705
4242
3069
4435
3693
3209
3689
4801
4071
4007
3534
3215
4852
4549
5227
4829
4421
4572
3878
4191
3632
2913
4192
2836
4071
3471
3219
2301
4479
4428
3338
3246
2926
4050
3923
2611
3858
3173
3172
3163
3259
4854
4641
4274
3131
4492
4032
3257
4108
3082
4589
2523
3592
4419
4012
4337
5211
2736
3479
3596
4818
3225
3945
4529
4128
2514
5007
4091
4244
2836
4954
4003
4567
2738
3198
3279
4511
3487
2922
4378
2944
3564
3462
5116
2580
4538
2609
3453
2981
4223
4693
4559
2851
3184
2624
4711
4047
4471
3568
2961
4946
4653
2650
5146
3894
3334
4743
4466
3700
3895
4678
4426
3600
4170
4447
3872
3562
2274
5129
3616
5312
2459
2748
4636
3425
3049
3214
3260
3382
3702
5324
4543
3171
2894
2586
4307
2775
2960
3433
3443
4410
2029
3567
3036
5442
3888
3644
2090
4574
4844
3469
3324
4307
4143
3693
2678
3589
4119
3525
4320
2938
2684
3160
4249
2992
2747
3377
2524
3912
4722
3253
2411
4907
4090
3415
3462
3240
3681
4400
2732
4151
4421
2497
4683
2887
4033
4185
4194
3326
3314
3462
1917
3387
4009
3064
2298
3268
4237
2934
2700
2503
4417
3908
4759
4052
4321
2842
3802
3377
4033
4130
4196
1835
4370
2811
4108
4894
2467
2840
2733
4940
3985
4111
3217
2566
3901
2995
3514
3263
3231
2623
3155
3271
2650
5256
2891
4112
3374
3453
4323
4156
2813
3321
3466
3137
3247
3730
5195
3308
2989
4617
4213
2515
2572
4406
4506
5092
2496
3873
3839
4221
2685
4094
3185
3480
3528
2799
3889
4200
4663
4282
4174
4110
3852
3776
5063
4322
2377
4312
3725
2009
3260
3546
3253
5282
2584
3784
3180
3186
3982
3450
3764
1868
2993
4312
3716
3069
3616
3603
2822
3221
4181
3149
5196
3073
2746
3531
4067
4509
4245
3713
3124
3020
3512
3084
4459
2976
4381
4390
4092
3180
4937
3369
5117
3237
2952
4625
2196
3135
2658
3302
2888
3838
3295
3013
5003
3362
3679
2666
4495
2211
2733
3928
3244
4389
2186
3028
2518
4654
3405
4307
3893
3699
3900
4547
2801
4473
2643
5073
4395
3776
3299
2957
3238
3833
5344
4163
2775
4092
2831
4077
3293
2884
4120
4545
5086
5028
4412
4767
2479
2339
4062
4106
4713
2807
4234
3838
2994
3616
4328
4084
2359
4559
3134
4666
4235
3315
4356
2891
2927
3738
3762
3197
4375
3672
3620
4005
2142
4970
3285
4407
4771
3425
2670
4212
4311
3166
3392
2471
3726
4387
2729
2960
4630
4832
3969
4615
3036
2143
4770
3956
3080
3098
2651
3920
3491
2831
3346
3974
3186
4258
3255
3082
4433
3969
3118
4605
2144
3858
2949
3441
3812
4283
4137
3838
4854
2615
3093
2802
2499
1933
2071
3365
2749
3057
3154
3671
3826
3637
3691
3828
2539
3861
3765
3305
3531
4974
3195
3291
5226
3892
3477
3482
3643
2553
3812
3578
2853
3229
3737
3185
2895
2449
3608
4143
3595
3944
2236
3796
4928
3576
3837
5092
4557
3383
4881
2071
2754
3590
4602
2478
3943
2480
4145
3792
3202
3585
3077
3565
2367
5234
3368
4545
4620
5164
3945
3448
5060
3806
4421
3680
2355
4546
3180
3572
3287
4642
3409
4213
3568
2724
3363
4647
3828
2623
4107
3742
4211
2911
3560
2499
3972
3041
3545
3685
4038
3479
3477
4274
2880
3846
2529
4390
3495
3127
4372
3231
3073
3808
3347
4084
2498
3656
3450
4470
2874
3589
4394
2591
2481
4344
4088
4680
3597
3374
4135
2487
3485
2387
3032
3785
3575
3912
2704
3666
3487
3897
4113
2988
3826
3587
3601
2125
2820
3140
3445
4201
2970
2971
3629
3419
3237
3737
4095
4205
4681
3287
3833
4064
3629
4823
3304
4681
3542
3786
3391
3683
3580
2978
3321
3057
3285
3159
3853
4689
2839
3407
3312
3508
2890
2815
4883
3325
3785
4121
2778
3062
4022
3196
2722
3052
3622
3771
2929
3949
3830
2796
3389
3842
2217
4084
4005
4714
3925
3572
3548
3167
2785
3028
3347
3085
3167
3567
3034
3392
3948
3553
4118
3967
3987
4624
3881
3744
3376
4344
4445
3851
3542
4677
4347
3406
3078
3400
4307
3854
4015
3443
4099
3368
2553
3309
4955
3790
4177
2865
3920
4355
3339
4259
4846
3822
4648
3702
3693
4414
3757
3644
3363
3672
3525
3377
2635
3230
3465
3836
3602
3935
4413
3378
3388
4175
4474
3135
3530
4073
3847
2553
3574
3625
2914
4250
4390
3422
3105
3398
3233
4468
3655
2929
4266
3169
3168
3699
4357
3550
3900
4700
3457
3963
4154
3507
4176
3707
3702
3957
4155
3259
2890
4287
4119
3789
4434
4759
3731
4414
3166
3606
2916
4249
4197
4348
4073
3632
2840
3511
2963
3915
3225
3437
3071
3884
4390
4615
4067
4286
4275
3627
4115
3721
4425
3442
3626
3243
3541
3590
3993
4487
3918
3646
4241
3924
3040
3426
3771
4776
3844
3244
3492
3107
3997
4357
4255
3980
4300
4168
3757
3867
4248
3677
3743
3525
3372
3132
4437
3346
2829
3842
4497
4346
3752
3826
4305
4570
3726
4145
3019
3661
3588
4579
3575
3932
3749
4389
4222
4355
3858
3433
3221
4166
4191
3572
4542
4184
4400
3609
3876
3966
3798
4105
4691
4130
4334
3131
3735
3018
3790
3577
3987
4127
3789
3925
4613
4241
3486
3605
3441
3323
3635
4474
3513
3627
3847
3720
4135
3173
3824
4205
3438
4023
3983
3660
3793
3374
3746
3413
3705
3754
3436
4139
3978
4413
3425
3776
3530
4214
3355
4043
4786
4527
3511
4669
3553
4222
4458
3644
4116
4281
3682
3748
4188
3971
4161
3945
3859
4709
3742
4579
3578
4155
4404
4591
3603
4376
3657
4800
4455
3974
3784
3550
3442
4519
3543
3819
4715
3844
3458
3405
3367
3935
4965
4071
4380
4027
4026
3538
4722
3447
4669
4146
4626
3396
4287
3766
4971
4703
3285
3597
4553
4764
3346
3635
3715
5009
4185
3849
4321
4120
4528
4118
3509
3490
3936
4083
4600
4106
4585
4739
3915
4361
4398
3940
4603
4408
4153
3845
3633
3627
3687
4048
3998
4213
4489
4681
4000
3889
3666
3507
4693
3711
4101
4312
3688
3492
3925
3526
4690
3420
3584
4622
3649
4125
3777
3919
3421
4828
3983
4295
3849
3701
4415
3772
3784
3637
4086
3932
4088
4920
4648
3698
4832
4469
3973
4571
4264
4767
4531
3981
4344
3723
4446
3959
3879
3466
4179
4699
4806
4182
3681
4299
4810
3514
4004
4860
4915
4811
3887
4388
4007
4119
4352
4549
3775
4403
4758
3827
3877
4097
3703
4314
3994
3801
4927
4187
3814
4112
4700
4523
5075
4493
3550
4757
4999
4035
4790
4477
4982
3732
4844
4609
4246
4560
4354
4377
4454
3982
4570
3645
4135
5252
4910
4069
4743
3846
3698
4609
3757
5004
4607
4505
4830
5157
4215
4056
4239
3942
3712
4562
3484
5049
4624
4142
4152
3986
4899
3655
4297
3612
4224
3843
4135
4670
3538
3841
5094
4652
4458
4728
4559
4985
4408
4370
4144
4860
3756
4409
3519
4043
3963
4296
4085
5207
4224
3527
4011
4824
3930
3893
5130
4257
4237
4464
5270
3646
4961
5391
5080
5161
3396
4337
3559
5595
3864
4726
3567
4230
5115
4093
4960
4765
3848
4111
4990
5057
4924
4131
4608
3925
4804
4210
4028
4634
4760
3973
4471
4605
3892
4452
5281
4469
5436
3647
4462
4775
4240
4085
5430
4958
4478
5279
4339
4108
5590
4679
3778
4035
4258
4941
4663
4875
4642
4648
3816
4574
4211
3908
4469
4736
5261
4530
3961
4446
3625
4642
3815
3896
3473
5573
3971
4651
4188
4494
4528
4931
4198
4874
5046
4469
3761
4772
5135
5116
5213
4498
4094
4996
3988
3521
4837
3994
3958
4086
4728
5535
3749
5146
4879
4344
4167
3291
3210
3937
4450
5235
4966
5312
4671
4648
4753
4734
4613
5079
5061
4906
3902
3283
5399
4383
5149
5407
4062
4586
3394
4314
5709
3811
5654
4146
4566
4308
3778
5254
4471
3332
4330
3492
5656
3943
4265
4334
4488
4103
4319
3193
4678
4517
5539
5434
5214
4942
4559
3589
5184
4948
5050
5411
5032
5092
5306
5492
4761
5002
5826
4297
4050
4928
4571
5204
4264
3846
3548
3960
4165
4507
4398
3858
3978
4036
5129
5179
5416
4723
3369
4827
5469
4391
4697
3568
4765
3930
5847
4890
3882
5146
4282
5320
4358
6029
4823
4432
5923
3684
4733
4920
3994
5598
5404
4897
5264
4553
5951
3997
5245
4526
5427
4480
4270
5599
4912
4445
4749
4100
5541
5497
4365
5186
5524
5025
3618
5081
5173
5798
3694
5272
5346
4877
4435
5586
4685
4760
3976
4723
3616
4078
4707
4404
4713
4617
5247
5101
4176
3154
3591
4101
3951
4923
5578
5047
4255
5422
4009
5845
5281
6150
4777
3324
3624
4764
5286
5175
3197
5470
4131
5604
5618
5720
3985
3925
4340
5733
4536
6109
4265
4921
5143
4417
5308
5105
4771
4807
5467
4495
3914
4955
4150
3256
6097
4721
4263
4499
4424
4977
4609
4031
4927
5206
4232
5380
4013
4586
6067
5514
4797
4182
4417
4661
3705
5036
5644
4308
4375
4178
5079
4433
4692
5162
5359
4734
4795
4664
6038
4791
5103
4164
5097
5618
4753
4904
5267
5153
5322
4262
4079
5191
3952
5894
5393
5166
4549
5597
4522
4220
4718
3545
3894
5698
5094
3932
4834
3946
5679
6073
4958
4165
3694
4924
5390
6534
5574
5379
4202
4574
5484
4895
4290
4961
6016
3993
5267
4465
5641
4215
3804
3820
5775
4448
4985
6203
4189
4436
5420
5610
4908
5018
5698
4084
4677
5280
6634
4117
4698
6055
3415
4907
5799
4320
5325
4714
4063
3854
3868
5845
4128
6216
5552
4901
3971
3941
6541
4729
4952
4631
5492
5305
4498
4877
3587
6714
3782
4297
5951
5656
4547
3459
5726
4874
5410
3991
4574
5555
3591
4407
4686
4067
5747
4744
4156
5126
4668
6306
4104
4650
4708
5189
3882
5918
3419
5301
4445
4819
3779
5029
5160
3620
4922
6151
3344
3848
5444
3882
5431
4926
5382
4482
6074
3846
4966
4244
5693
6419
5594
6061
6273
4725
4554
4576
6133
3905
4627
3960
5776
4451
4626
4167
6576
5168
3769
5630
4340
4789
3947
4851
5052
5522
5680
4379
5406
5366
4482
3864
4557
4248
5791
6723
6584
6024
5551
3582
4960
4504
6790
5055
5251
3612
5789
6317
5012
5222
6374
4501
4686
3610
3437
5298
5505
5422
4490
6348
4759
6440
6226
5087
5824
4932
5050
5150
4703
4952
4306
4622
4661
3929
5928
5287
6533
4892
5458
5400
5328
4476
4951
6265
5722
4475
6366
6436
4171
3859
3900
3431
5272
4867
4333
5421
5583
3443
4196
5310
5363
4317
6700
6256
6859
5224
5765
5833
5896
4827
5159
5056
5347
3439
6132
3598
4326
5977
4343
4738
5723
6115
5093
5860
4420
5319
5229
4330
5749
3614
5942
4895
4858
4672
5669
3794
3215
4421
3850
6605
6095
3547
5143
5743
4200
5853
4846
4395
4897
4558
5622
3928
5678
6196
6421
4581
5461
5663
5501
5556
4744
4155
4762
6009
6307
3117
5938
6378
5025
4526
5539
5929
5389
5417
4979
5768
5333
4371
6578
5387
4678
3940
3711
5639
5282
4549
6299
6984
5747
3485
5233
6881
5498
5753
5916
3935
6131
4812
4669
5897
4158
6226
3570
5980
5936
4838
5082
6401
6093
6316
5450
5470
5340
6133
6257
6073
6432
6148
6048
4755
5688
3646
3490
5112
3237
5508
4826
4251
5943
4424
4187
5094
4275
4502
5021
5375
4374
5205
3683
6295
5095
3984
5213
5451
4074
4945
5426
4549
3609
6697
5933
5851
5518
5548
4915
4231
5121
5836
4762
5171
3140
4950
4954
5444
4509
5379
5691
5200
4548
6619
5330
4411
3876
5429
3493
4702
4689
5283
4765
4431
5563
4494
4145
5446
5657
4484
4507
5371
4890
4833
5405
3526
4444
5725
4828
5114
4556
5935
5410
5004
4482
6160
4650
5868
5965
6198
4483
6215
4428
4604
3468
5899
4719
4743
5432
6315
6116
5901
5363
6128
4541
5085
6284
5398
4560
4006
5450
4858
5526
4545
5417
4376
4937
5492
4447
4988
4639
6188
5376
5013
5990
5747
4066
4257
5872
4446
4714
6574
4688
5216
3784
5170
5924
4399
4590
3727
3869
5454
4768
5404
5208
5520
5109
4479
6466
4992
5111
3728
5935
5858
4124
4050
4130
4555
3978
4660
5581
4942
4463
5399
5351
5547
4658
3670
4929
5611
5488
4884
5347
4271
3476
5299
6132
4782
6098
4561
4441
5912
5129
5091
5904
4778
5473
4550
3654
6386
3896
5267
4243
5491
6730
4452
5301
5104
6298
6110
3366
4571
5596
5922
4821
5057
4835
4975
4045
5866
3857
3845
4830
4740
4512
4309
4520
6335
5421
5147
4303
5138
4026
4500
4967
5352
5137
4293
5103
5448
5848
4244
4315
3561
3808
4931
6288
5164
6205
5944
3805
5071
5693
4797
5127
6011
4283
3524
4933
4496
5263
4633
4842
4200
4878
4424
3898
5421
4498
4286
3852
6163
5340
5763
5238
5973
4541
3381
4431
4946
3985
5200
3439
3377
4875
5681
5585
5568
4854
4634
4599
4996
4913
4235
5668
3608
4910
6170
3868
3699
4659
5474
5051
4473
4289
4777
5246
4227
4607
3932
4018
6018
4727
5181
5872
4290
3982
4371
5184
4040
5295
4279
4872
3928
4319
4887
5217
5231
5373
3687
4991
5949
5270
4455
5550
5569
3928
5114
4250
4544
5677
3541
3892
5862
4681
4568
4599
4802
4780
6104
3289
3888
4191
4641
3697
4811
4916
5500
5216
4957
5335
4461
4995
5029
5114
4891
4935
5518
5184
5103
5267
4489
5179
5518
3891
4925
3974
5217
3637
4607
5714
4587
4394
4483
5028
5221
5246
4881
3160
4720
4015
4476
5232
4907
5209
5545
4274
4581
4791
3452
5291
4107
4326
5112
3760
5850
4846
4524
4563
4927
5517
4101
4732
5134
5410
4960
4176
4920
4689
4026
5040
3900
4308
5632
4071
4255
5122
4388
4983
6033
4635
3961
4733
5327
4266
5166
5568
4435
5420
4751
4021
4515
4358
4111
4004
3779
5655
4027
4731
5114
5098
4075
5878
3816
4012
4270
4102
4368
3822
4247
3956
4962
5167
4160
4231
5770
5187
4429
4364
5125
4371
5358
3476
3666
4781
4662
5346
5056
4716
4741
4614
4046
4118
5250
5046
5187
5383
5195
4951
4976
4802
3973
4636
4656
3750
4273
5264
3688
5197
3952
4625
4702
4961
3234
3943
5398
5026
4884
4577
3675
4302
4288
4995
5048
5291
5020
4942
5090
4970
4597
5031
4728
4354
5510
4831
4954
5029
4758
5436
4190
4415
4643
4831
5134
4299
4371
3546
4827
4932
4358
4358
4569
4157
4222
4670
4458
3994
4569
3589
4599
5160
5398
3854
4264
5186
3922
4873
3689
4229
3959
4928
4534
3912
4092
3693
5311
4239
4301
4736
3800
4634
3812
4277
4225
5549
4503
4122
4891
3760
4916
4194
3945
3707
3421
4090
5304
4728
4968
4166
5122
4018
3444
4447
4762
4586
4238
4618
3296
4991
4531
3868
4151
4524
3720
4602
4596
4253
4830
4414
4211
4573
4983
5024
5233
4234
4143
4184
4380
3664
4747
4502
4472
4088
3757
5123
3996
3949
3950
3578
4923
5321
4281
5146
4197
5100
5187
4146
4596
4269
4105
4048
4370
5094
5167
4471
4865
4727
4246
4718
4226
4074
4322
3929
4700
4081
3566
4360
4312
4716
4851
3903
4612
3637
3627
3883
4667
3872
4512
4316
4678
4584
4229
3391
3691
3878
4804
4093
4715
4638
5045
4951
4724
4081
4258
4493
3878
4174
4330
3911
4735
4241
3764
4210
3864
4697
4109
4013
3546
5222
4150
3868
3622
4672
4118
4152
3540
4527
4810
4430
3773
3807
4163
4177
4374
4142
4922
3817
3618
5169
4096
4849
3972
3607
3984
4762
4249
3886
4555
4598
4799
4519
4047
4305
4509
4198
4140
3805
4715
4286
3969
4372
4010
3402
4023
4160
4397
4382
4147
3706
3675
4068
4034
4441
4701
4605
3808
3648
4486
4089
4390
3814
4828
3996
3361
3871
4905
4605
4564
4467
4576
4254
4493
4776
4416
4889
4822
3663
3578
3643
3491
4676
3843
4188
4020
3407
3405
3600
4094
3881
4010
4900
3478
4608
4092
3610
4339
4478
4010
4063
4342
4030
4623
4291
4790
4080
4346
3843
4661
3868
4656
4304
4030
4048
4231
3921
4649
3923
4582
4511
3713
4111
4779
4661
4250
3851
4497
3936
4491
4209
3906
3703
3332
4242
3223
4204
4215
3747
3460
3767
4458
4276
4177
3884
4317
3930
3869
3978
4137
3646
4109
3623
4210
4132
4245
4018
3373
4817
3205
4390
3952
3798
3524
4143
4064
4356
4350
4404
4275
4762
3773
3994
3515
4171
4181
3749
3468
4379
4453
4714
4081
3945
3356
3520
3630
3916
4978
4633
3661
3522
3792
4006
3971
4296
4476
3671
3350
4088
3439
4633
4037
4347
4182
3375
3436
3714
3459
4072
4615
4945
4936
3240
4032
2841
4133
4087
3570
4509
3108
3436
3871
4691
3441
3477
4030
4523
4156
2979
4695
3398
4066
3114
3925
3442
3951
4800
4516
3428
4567
4114
4385
4015
3189
3359
3744
3994
4568
4429
3382
4133
4465
4315
4190
3728
4560
3174
4084
3388
4145
3450
3135
3339
4455
3950
4220
4620
4018
3662
4963
3812
3906
3177
4453
4790
3477
3762
4009
4036
3814
4184
3912
4434
4173
3955
4187
3500
3589
4403
3240
3484
3438
3091
4452
3281
3118
4608
4115
3528
4256
3933
3690
3754
4224
4618
3855
3063
4470
3890
4242
3766
4019
4171
4265
4581
4093
3890
4766
3015
4988
3206
3609
3859
2972
3690
4206
4717
3689
3693
3161
3636
3267
2809
3602
4682
3561
4078
4285
3315
3995
3483
3078
4007
3296
2806
3643
3989
3402
3410
3869
3801
3996
3480
4632
4607
3318
4107
3853
3510
4575
3117
4047
4304
4300
3962
4592
4107
3585
4694
4606
4122
4480
4253
4454
3610
3877
3036
3684
4858
4085
4147
3046
4378
2788
4563
3207
4568
4922
3043
4418
3743
3619
3148
3350
4358
4052
3763
4359
3794
3059
3230
3994
2795
3730
3889
4406
2999
3560
3900
3050
4772
4591
3372
3097
3731
4294
3612
3833
4275
3524
3670
3820
3493
4775
4022
3357
3567
4375
3593
4403
3734
3444
4228
3453
2988
4696
2516
4015
2423
3768
3488
3275
2418
3534
3047
4777
3263
4348
3866
3423
3625
3079
3996
4888
4675
3899
3757
3766
4593
4139
4731
4326
3761
2980
4305
3771
4293
3296
3114
4271
4674
3294
2901
4045
2859
4907
2674
3147
3672
4772
2831
3465
2557
3194
3377
4919
3868
2571
4114
2916
3510
3167
3723
3324
3419
3835
3776
4170
3291
4052
3385
2513
2958
4505
3600
3548
3569
3371
4081
3310
4615
3081
1971
3359
3875
2807
3667
3830
2981
3985
3788
3462
3334
3274
4625
4116
4719
3571
3942
3421
5096
3693
2757
3347
4369
3478
2897
4796
3461
3132
3645
4536
3504
3407
3130
2959
4048
4411
3763
4050
2583
4230
2485
2367
4166
4181
3567
2997
4084
2124
4530
3794
4720
2916
3528
2881
3120
3841
2514
3141
2738
3068
4006
4370
4428
3039
3310
3538
4981
4048
2737
3528
3464
4448
2843
3796
3764
2575
3261
4563
2805
3669
4658
4849
2881
2972
2812
2759
4785
4334
2819
3797
3694
2458
3008
3040
3459
2616
4477
3133
3168
2691
3271
3607
3332
2128
3601
3437
2873
4477
3913
2912
3313
3987
3941
3866
3022
2379
4473
3116
3176
4244
3737
3345
3804
4708
5010
2622
3040
4098
4200
4106
4036
2830
3227
4061
3714
3626
3292
4014
3308
3083
2930
3800
3379
2331
4038
2653
2251
3736
4132
3216
4292
2112
4244
5032
3874
4410
3690
3086
4300
4611
3999
2893
3287
3713
3293
2653
5317
4225
4841
4614
2069
3415
3611
3114
3524
3384
2646
4853
2531
4412
4153
2628
4005
3836
4617
3725
4620
3955
3741
3624
3405
2920
4099
4396
2581
3383
4052
4183
3324
2150
2747
3321
3788
3340
3338
4338
3026
3589
3917
2373
4187
4238
4413
3860
3788
2996
4520
3532
2054
4502
3236
3862
4186
2953
2991
3937
4530
3715
2514
5099
3704
3424
2835
3851
3831
3807
4820
4034
2334
2896
2178
4245
4071
3491
2770
3852
5022
3309
3030
3357
4557
2923
3468
4147
3511
4905
2932
3224
4354
3174
4099
2632
4560
4409
4506
4097
3336
3221
3231
3728
2485
2706
3986
2661
2949
2830
3878
4141
4139
4037
4391
3035
4669
2523
3677
3725
4834
3998
3158
2600
4742
4773
4389
4605
3904
4060
3884
4154
2944
3639
3823
2943
3981
5402
3606
4547
2991
2262
3911
4659
3032
3496
3503
4542
2565
3737
4260
2049
3519
3380
4244
3971
3688
2857
2496
3456
3024
4012
2566
3616
4003
4086
3336
4528
4464
2832
3899
2651
2824
3886
4302
3022
3532
4002
4624
4587
2773
4020
3101
3148
4036
3773
3033
4730
3727
4236
3379
3434
5283
5150
3872
3467
3960
4672
4655
4136
4776
3218
4312
4247
4554
3205
3199
4105
2105
2865
3401
4002
3280
3094
2236
4304
4437
3401
4751
4087
3695
4021
4259
3338
3430
4500
2741
4475
3152
4110
3113
4594
4725
4495
2793
3395
3423
3868
4762
2244
3383
5099
3772
5100
3703
3309
2862
4045
2300
4442
2418
4634
5569
2428
4776
3386
4599
3515
4712
2619
2294
2953
4441
2935
3891
4245
4446
4832
3628
3418
4372
3334
4334
4571
2384
4742
4833
2164
3891
4320
4902
4844
3325
2525
4457
2733
3414
3593
3971
3404
3701
4792
4276
3999
2781
4411
4690
4314
3805
4991
4075
4431
2551
3687
5216
3553
4596
3644
2734
3054
2415
4255
2941
3858
4227
4075
4622
3635
4905
2863
5513
4008
3743
3590
3494
3665
3154
3434
4435
3234
4208
3153
4398
4985
2620
4096
4110
3717
3225
3436
2474
4167
3750
4858
3270
3929
4341
4567
3266
4865
4670
3912
3889
4062
4217
3019
4097
3654
3844
4439
4891
3077
5084
3337
3342
4056
5189
4240
3433
2819
4101
3759
3513
4535
4841
4292
3618
4383
3586
3220
3264
3759
4604
5121
3481
4892
4294
3963
5452
3864
3934
3163
4773
4774
4950
4014
3326
4879
4010
5453
2487
4940
2869
3436
4207
4353
4090
4093
3032
3730
5183
4119
4446
4581
3938
5200
3412
4328
4092
5073
4968
4040
3623
3731
4664
4027
3854
4185
3049
3849
4343
4763
3323
4325
4668
4255
2976
4165
3234
3224
4813
3801
3861
4914
2400
4536
4716
2612
4252
3269
4150
4527
4572
4276
3342
4080
3474
4756
5108
4325
4458
4736
4531
3983
4655
3638
3482
4484
4137
3047
2771
5235
3144
4096
3174
3670
5420
4826
3385
3882
4936
4114
3436
4515
4478
3247
2981
3608
2866
4320
4681
4740
4539
4245
3875
5083
3793
2968
4071
4237
4419
4639
5430
5133
4533
4196
2837
4387
4416
3110
3948
3876
3738
3379
2992
4209
4401
5143
3681
4130
5300
3890
4024
3461
4788
2735
4734
4033
4180
3660
4482
4035
4530
4814
3570
4196
3428
5400
4497
2812
3347
4564
3675
5380
4259
3209
4087
3894
3360
4592
4700
4994
4291
4697
3768
4086
3191
3864
3836
3300
5113
4126
4524
3463
3421
5129
2573
3123
4329
3712
4666
4385
4577
4117
4405
3985
3118
5003
4877
4622
4335
3664
4551
2901
4697
4108
4694
5880
3790
4449
3477
3844
4378
5309
5299
4585
3248
4897
3747
4469
4764
4371
3448
3923
5411
3721
4702
4577
4376
5592
3542
5655
4821
3867
5179
5101
4573
4247
5331
5178
3820
3563
4927
4652
3799
4793
5220
4682
4257
4462
6039
3491
4811
3213
4113
4301
4735
3634
3595
4222
4007
4248
3480
3968
5393
5077
4761
4433
5649
4511
4092
5362
6021
4787
4664
4705
4003
4750
3329
3710
4695
4238
4617
5442
5990
4997
4709
5330
4733
3770
4152
4241
4858
4538
3699
4262
3699
4727
4561
3986
5431
4308
4675
4787
5692
3329
4829
3859
5373
4199
4457
4220
4058
4819
5057
3104
4883
4390
4723
3977
3689
4038
3796
5655
6129
3487
5342
5243
3876
5136
5353
4318
4380
4441
4266
4475
3704
4064
4405
4515
4296
5938
4917
4935
4874
5447
3890
4118
3621
3958
4756
4286
4359
3452
4030
4997
4472
4500
4731
4280
5895
5405
4599
5379
5157
4672
4972
4869
4800
4580
3675
5468
4438
5250
4665
5696
4758
4441
3594
5472
5002
5748
4310
4296
5168
4649
5116
5039
4722
5279
4335
4564
5135
4548
4832
5924
5412
4871
5369
4873
4554
5264
5326
3976
4251
4797
4981
5947
5484
4107
4537
4580
5528
5247
4834
3951
5136
5307
4992
5894
5551
5184
4658
3915
4903
5337
4333
3840
5620
4911
5176
4437
3740
4810
4369
4800
5612
4806
5341
4415
4900
5572
5001
5507
4117
5415
4440
4895
4759
4923
4381
5212
5053
4666
4732
4939
5266
4619
4664
4427
6047
5270
5528
5716
5757
6060
3948
3913
4774
4820
5607
5374
4356
4071
4597
4681
5277
4669
4441
5632
4796
5314
5008
4900
5767
5026
5003
5083
4589
6011
5991
5742
4450
5929
4906
5238
5515
5774
5076
4832
5464
5076
5447
4557
4790
6078
4536
5381
5416
5629
5608
4929
4938
4790
5549
5277
5726
4692
5339
5716
4653
6150
5135
4554
5300
5275
4742
5917
5982
5067
4820
5960
5363
5630
4685
5560
4818
5545
4716
5188
5953
5321
5117
5825
4847
5600
5346
4582
5157
6210
5073
5590
5721
5161
4970
5965
4919
4651
4988
5380
4699
4765
4733
5343
5327
4933
5052
5445
5378
5193
5544
5409
4933
5905
5269
5473
5357
5972
5345
5690
5520
5868
5499
5915
5143
6284
5316
4962
5734
5704
5513
6279
4623
5938
5723
6056
5015
4925
5616
6115
5800
6290
5073
5093
5772
4549
5192
4799
5530
5801
5011
5353
6052
5893
5646
6424
5790
5980
5636
6030
5417
5747
4816
6213
5788
5976
5108
5863
6217
5461
5164
5998
4811
5191
6077
6311
5269
5345
5329
5311
5554
5955
5532
5202
5568
5638
5640
4624
6076
6399
5910
6060
6208
5565
6337
6471
5451
6153
5666
6158
5121
5429
6213
4875
4858
5512
5112
6388
4994
5720
5784
6081
5589
5946
5912
5023
5974
500
1 5976 3589 9981
2 381 7203 9062
3 1796 4797 9580
4 255 8517 9463
5 1360 6669 9407
6 2682 3215 9816
7 364 8269 9171
8 401 8772 9978
9 7627 378 8179
10 2579 6876 9804
11 14 4288 8811
12 174 9108 9330
13 3785 3254 7740
14 1144 6821 9977
15 440 4610 9495
16 397 6726 9991
17 128 7543 9518
18 2701 3512 8859
19 4133 3253 7528
20 1081 4115 9920
21 18 9514 9862
22 1255 2455 5164
23 5042 463 7538
24 405 7901 9837
25 415 8995 9486
26 2780 5488 8734
27 617 2750 8509
28 275 5012 9846
29 2499 5931 9331
30 1296 8159 9744
31 2289 5329 8019
32 7353 107 8314
33 1400 7296 8903
34 935 1062 6987
35 3559 3352 8478
36 88 8967 9070
37 254 8178 9992
38 511 7397 8016
39 336 9363 9837
40 3282 2897 9884
41 6083 880 9858
42 776 5342 8950
43 1078 7151 9981
44 4065 971 7798
45 125 9752 9924
46 582 8650 9598
47 3171 1976 9473
48 338 7051 9502
49 5181 1205 8522
50 1355 5296 9827
51 1126 6494 9608
52 1286 5857 7926
53 357 8294 8811
54 892 8428 9646
55 328 7634 8770
56 459 7075 8317
57 2332 4971 7888
58 50 7667 9636
59 4017 3519 9189
60 1969 4983 9489
61 1081 4858 6806
62 2139 1176 3795
63 90 5751 9669
64 3687 5115 8885
65 1154 7644 9820
66 421 2774 6407
67 388 9121 9707
68 232 9047 9886
69 103 2650 6278
70 3934 1061 5191
71 171 8181 9836
72 1673 7623 9436
73 968 5474 8953
74 105 9841 9984
75 92 9473 9855
76 1604 6939 8574
77 2227 2386 9996
78 232 4602 5834
79 4675 2510 8554
80 1095 4496 9049
81 4581 3386 8836
82 81 9598 9823
83 1228 8123 9835
84 4270 2693 8069
85 1964 6650 9485
86 590 4907 8398
87 2316 4870 9879
88 2579 5280 9045
89 712 8247 9684
90 9 9365 9588
91 2155 1851 4441
92 1435 753 8095
93 223 9552 9920
94 755 4535 7930
95 31 9198 9829
96 293 8836 9317
97 4727 4729 9822
98 8 9709 9999
99 2310 1758 9959
100 484 9080 9979
101 10 791 4058
102 10 2442 7427
103 10 1086 7691
104 10 1647 5185
105 10 1148 5754
106 10 2065 7217
107 10 381 9220
108 10 1472 7787
109 10 541 9002
110 10 2237 8940
111 10 200 6015
112 10 532 3687
113 10 1325 9381
114 10 1501 4694
115 10 819 4326
116 10 397 7845
117 10 1611 5013
118 10 1859 5924
119 10 2373 6167
120 10 2077 7685
121 10 2406 7698
122 10 1901 4483
123 10 2364 7220
124 10 1675 5201
125 10 794 8754
126 10 2039 9760
127 10 808 6690
128 10 1468 4458
129 10 2063 7930
130 10 1811 5416
131 10 81 2622
132 10 2094 8681
133 10 1740 9425
134 10 1976 7244
135 10 111 9840
136 10 1587 4242
137 10 2370 8273
138 10 2335 5415
139 10 1502 7807
140 10 1823 7547
141 10 740 6647
142 10 2275 5428
143 10 2001 8779
144 10 2441 9885
145 10 862 4573
146 10 2464 7678
147 10 1333 4573
148 10 1482 5536
149 10 2234 6236
150 10 1465 4739
151 10 828 7721
152 10 873 4448
153 10 731 4309
154 10 1920 8524
155 10 2224 9517
156 10 812 5001
157 10 2258 6282
158 10 983 4269
159 10 1053 6722
160 10 244 5738
161 10 1986 6017
162 10 563 4498
163 10 1205 6405
164 10 683 9324
165 10 2233 7384
166 10 1207 4596
167 10 177 4657
168 10 1736 4524
169 10 875 9048
170 10 1773 9497
171 10 2138 4939
172 10 1124 7736
173 10 322 9252
174 10 200 4756
175 10 560 3666
176 10 56 4639
177 10 1595 4393
178 10 758 8448
179 10 424 5086
180 10 746 5692
181 10 1647 9321
182 10 1292 4958
183 10 913 7168
184 10 1793 5893
185 10 594 3892
186 10 1133 5961
187 10 231 7910
188 10 2172 5365
189 10 1844 9245
190 10 2401 8238
191 10 2086 7110
192 10 209 4928
193 10 911 7796
194 10 1552 8731
195 10 204 8364
196 10 1890 6542
197 10 2430 9237
198 10 1650 9032
199 10 51 5423
200 10 2437 8677
201 10 1935 6935
202 10 1816 8552
203 10 2409 9458
204 10 2113 4927
205 10 1158 8965
206 10 2415 9763
207 10 1680 9812
208 10 1923 8961
209 10 2330 5325
210 10 1261 4674
211 10 1268 3845
212 10 1958 5025
213 10 1734 4783
214 10 1460 8863
215 10 1893 6446
216 10 2317 9992
217 10 194 8915
218 10 1422 5421
219 10 673 7481
220 10 1 9113
221 10 2256 7175
222 10 668 8576
223 10 849 7539
224 10 2079 5827
225 10 2460 5012
226 10 499 5415
227 10 716 4011
228 10 753 9643
229 10 230 7629
230 10 557 4682
231 10 2455 6046
232 10 190 9726
233 10 1823 7219
234 10 691 6787
235 10 2032 7964
236 10 2110 7110
237 10 1696 7453
238 10 2094 5831
239 10 2196 9046
240 10 2124 7725
241 10 1237 4284
242 10 1461 8227
243 10 567 8344
244 10 980 5662
245 10 2368 7655
246 10 249 9574
247 10 102 8961
248 10 739 4226
249 10 1994 5243
250 10 325 8928
251 10 2127 8768
252 10 331 9906
253 10 584 6526
254 10 1930 4540
255 10 2340 9776
256 10 2191 9544
257 10 917 7319
258 10 1805 5480
259 10 753 6062
260 10 871 4488
261 10 1926 5209
262 10 232 5512
263 10 1595 9071
264 10 1637 7885
265 10 914 5911
266 10 891 3546
267 10 1943 7957
268 10 1277 6538
269 10 1994 7358
270 10 2015 6408
271 10 2025 7505
272 10 1341 3906
273 10 356 6021
274 10 2373 7659
275 10 2195 4848
276 10 585 9809
277 10 314 5072
278 10 141 4280
279 10 1919 6299
280 10 2271 8873
281 10 1952 4986
282 10 601 7959
283 10 1938 8248
284 10 2379 9200
285 10 1545 5588
286 10 1145 5271
287 10 2158 8949
288 10 1057 8972
289 10 565 7441
290 10 2488 5800
291 10 1427 3975
292 10 853 3357
293 10 1921 6337
294 10 2358 8439
295 10 317 8119
296 10 1455 7577
297 10 666 8599
298 10 259 5652
299 10 1306 4970
300 10 710 7343
301 10 1320 8863
302 10 1241 8269
303 10 735 6936
304 10 2287 8706
305 10 1573 7584
306 10 1109 9169
307 10 451 3679
308 10 1514 5871
309 10 1594 4195
310 10 1569 8437
311 10 1717 5959
312 10 2104 7292
313 10 364 7999
314 10 1010 9634
315 10 886 4122
316 10 2108 9333
317 10 1959 6927
318 10 1778 9189
319 10 1279 8502
320 10 248 8238
321 10 1249 5850
322 10 1270 6499
323 10 704 3481
324 10 1301 8353
325 10 2134 8902
326 10 957 5360
327 10 405 3349
328 10 1834 6319
329 10 986 4471
330 10 457 5527
331 10 1378 5118
332 10 2295 5416
333 10 318 6267
334 10 2318 9715
335 10 1808 4828
336 10 2477 9035
337 10 2220 9099
338 10 357 8460
339 10 1824 8429
340 10 2213 4885
341 10 87 2641
342 10 1512 7595
343 10 102 9077
344 10 1997 6303
345 10 2280 7409
346 10 1611 4592
347 10 814 4200
348 10 237 7665
349 10 1005 6910
350 10 2317 8701
351 10 460 5294
352 10 2433 7265
353 10 199 3077
354 10 1542 4844
355 10 2229 9337
356 10 202 9380
357 10 2268 7418
358 10 902 8050
359 10 974 4641
360 10 1121 4637
361 10 1451 8527
362 10 2089 7582
363 10 2089 9637
364 10 2440 9170
365 10 2498 8183
366 10 232 6041
367 10 1366 4577
368 10 129 3556
369 10 1966 8116
370 10 1234 9975
371 10 851 5180
372 10 725 3507
373 10 1700 4446
374 10 1721 8753
375 10 1259 5117
376 10 1527 5583
377 10 1466 9601
378 10 471 3426
379 10 1348 7555
380 10 1934 8891
381 10 589 5500
382 10 1070 4111
383 10 1084 4457
384 10 1725 9704
385 10 2248 6665
386 10 38 4061
387 10 1276 7004
388 10 1176 4966
389 10 2051 8731
390 10 1808 6715
391 10 1376 4035
392 10 1771 8827
393 10 2369 6316
394 10 187 3226
395 10 1053 9453
396 10 292 4939
397 10 1151 5859
398 10 2483 5824
399 10 1517 9642
400 10 1242 6770
401 10 817 3676
402 10 2047 8430
403 10 65 8691
404 10 855 3847
405 10 588 5383
406 10 2371 6578
407 10 1024 7669
408 10 2263 8727
409 10 1000 5223
410 10 1111 9850
411 10 2096 6489
412 10 2245 5960
413 10 1171 9869
414 10 920 5350
415 10 1393 7805
416 10 1272 7434
417 10 1978 4740
418 10 2169 6762
419 10 1559 5686
420 10 909 8734
421 10 571 3082
422 10 782 7495
423 10 423 4350
424 10 39 6084
425 10 871 4921
426 10 1132 7400
427 10 2326 6871
428 10 219 3834
429 10 1542 6558
430 10 1683 7929
431 10 455 4247
432 10 618 6266
433 10 1716 7709
434 10 1359 8853
435 10 471 3960
436 10 2291 8821
437 10 261 3035
438 10 2314 7178
439 10 30 5068
440 10 2300 9456
441 10 733 7319
442 10 468 8939
443 10 2027 5352
444 10 481 4494
445 10 1199 6535
446 10 742 8821
447 10 2140 7039
448 10 33 5465
449 10 1350 6089
450 10 2408 5002
451 10 1906 9133
452 10 238 7708
453 10 2464 5138
454 10 441 7515
455 10 1859 7141
456 10 558 5385
457 10 502 3808
458 10 2042 8244
459 10 1711 8382
460 10 594 4908
461 10 1005 5209
462 10 1943 9468
463 10 906 9650
464 10 1445 8665
465 10 1153 6783
466 10 176 6109
467 10 1231 7682
468 10 1510 4362
469 10 1365 4294
470 10 1891 8608
471 10 77 8653
472 10 155 3699
473 10 64 8570
474 10 351 3654
475 10 2401 6424
476 10 956 6274
477 10 57 3958
478 10 820 7914
479 10 1890 8390
480 10 101 2668
481 10 2126 8131
482 10 174 4787
483 10 1269 7079
484 10 211 8593
485 10 2333 7137
486 10 231 4531
487 10 2272 7489
488 10 192 9173
489 10 997 5836
490 10 510 4977
491 10 1773 8971
492 10 2059 6162
493 10 1305 3907
494 10 46 9676
495 10 1589 9612
496 10 1428 9690
497 10 24 6427
498 10 2062 4782
499 10 1241 4301
500 10 2010 8838
