100
94 27 190 6
73 96 444 7
46 79 460 3
45 60 467 2
33 85 487 2
58 70 1015 1
73 23 177 4
70 40 207 6
22 23 39 6
26 84 273 3
15 35 48 5
41 70 183 7
32 65 528 1
27 89 630 1
27 16 112 1
24 15 48 3
37 35 228 2
85 35 309 4
40 51 520 1
6 9 5 6
9 63 64 4
96 87 1422 2
74 37 351 3
47 62 248 5
6 48 72 1
38 35 342 1
86 6 43 5
20 8 20 3
51 35 156 5
8 10 20 1
89 50 1125 1
29 12 45 3
25 81 213 4
19 13 17 7
67 78 442 5
18 4 9 4
89 79 900 3
35 46 120 6
47 74 257 6
57 72 423 4
72 29 270 3
82 80 1640 1
72 50 620 2
57 53 522 2
87 75 418 7
70 42 367 3
11 28 28 5
39 61 177 6
62 43 462 2
34 22 134 2
7 88 50 6
89 49 750 2
31 59 136 6
85 21 236 3
92 68 641 4
43 90 286 6
66 70 577 3
60 95 585 4
62 95 744 3
48 14 52 6
19 91 460 1
14 73 129 3
8 18 17 4
4 66 66 1
62 36 279 3
30 48 180 3
74 93 434 7
12 45 46 5
16 22 65 2
57 88 638 3
10 71 90 3
54 94 423 5
78 57 458 4
40 14 70 3
31 32 176 2
64 79 371 6
73 14 79 6
25 98 429 2
88 80 1760 1
54 12 81 3
11 98 294 1
95 23 576 1
58 54 783 1
61 12 186 1
16 34 42 6
56 68 655 2
68 68 578 3
49 80 289 6
56 12 84 3
17 8 36 1
27 45 322 1
92 79 531 6
40 13 57 4
43 59 164 7
92 62 1426 1
73 34 431 2
70 31 280 3
29 28 145 2
93 5 56 4
77 51 676 2
