100
7 7 5 4
37 31 86 6
26 15 30 6
16 30 120 1
24 24 36 7
11 30 62 2
5 22 13 4
15 29 40 5
33 5 20 4
17 11 13 7
36 8 23 6
38 14 97 2
34 28 79 5
21 16 88 1
11 27 20 7
30 18 58 4
13 5 10 3
22 13 19 7
8 35 24 5
30 7 17 6
30 29 75 5
19 35 60 5
4 18 9 4
6 20 14 4
30 14 77 2
31 31 64 7
29 37 71 7
22 21 30 7
18 36 49 6
38 4 32 2
32 25 104 3
17 32 59 4
24 33 68 5
33 35 204 2
19 29 75 3
18 4 18 1
27 4 14 4
20 7 10 7
6 32 38 2
28 31 56 7
11 21 16 7
22 5 16 3
26 30 195 1
13 24 58 2
26 19 130 1
31 38 101 5
20 21 110 1
28 35 126 3
37 8 38 3
20 20 44 4
19 10 25 3
21 26 35 7
20 31 40 7
37 21 69 5
35 34 210 2
35 28 74 6
24 32 64 5
14 27 70 2
29 23 90 3
24 15 66 2
9 7 13 2
13 20 70 1
28 26 182 1
29 12 45 3
14 38 58 4
33 27 119 3
12 35 78 2
22 9 27 3
15 22 26 6
24 37 158 2
25 27 121 2
19 36 52 6
20 20 31 6
27 30 52 7
28 7 16 6
8 31 20 6
5 9 7 3
9 31 40 3
27 4 14 3
12 20 60 1
23 26 52 5
24 18 47 4
19 4 10 4
19 18 30 5
27 15 44 4
17 38 117 2
6 36 27 3
25 11 20 6
33 33 82 6
19 31 45 6
20 19 100 1
35 10 22 7
12 33 73 2
7 11 12 3
4 20 20 1
9 31 32 4
38 17 117 2
27 19 46 5
6 14 21 1
22 10 18 5
