100
22 7 14 5
33 5 25 3
34 34 144 3
8 28 14 7
28 11 84 1
30 15 120 1
10 31 40 3
33 18 38 7
24 14 28 5
6 17 21 2
28 14 43 4
22 15 36 4
31 35 72 7
12 20 14 7
17 25 46 4
37 24 67 6
13 33 34 6
20 8 13 6
35 15 48 5
13 25 30 5
25 14 30 5
32 25 69 5
12 8 11 4
31 28 66 6
8 14 14 3
21 32 51 6
13 5 7 5
21 6 33 1
7 8 5 6
31 28 92 4
9 37 63 2
9 8 5 7
16 22 44 3
15 26 52 3
7 31 25 4
38 37 105 6
21 14 55 2
28 19 96 2
20 7 13 5
19 17 22 7
8 32 49 2
12 22 16 7
34 35 126 4
9 30 51 2
32 8 49 2
23 26 64 4
13 26 63 2
9 23 60 1
14 12 13 6
29 36 67 7
25 36 78 5
36 21 99 3
7 17 13 4
17 32 42 6
26 13 63 2
7 4 8 1
32 30 72 6
32 22 126 2
15 18 30 4
34 38 107 5
5 18 11 4
11 33 28 6
31 9 32 4
24 28 42 7
38 36 114 5
8 31 48 2
25 28 53 6
28 34 72 6
17 27 126 1
9 19 12 7
21 18 24 7
31 22 176 1
32 22 126 2
18 6 13 4
5 19 20 2
33 30 75 6
19 37 95 3
5 21 16 3
19 17 60 2
35 15 144 1
34 6 51 1
9 10 11 4
8 21 14 6
13 4 7 3
14 13 12 7
28 9 70 1
21 24 66 3
16 15 32 3
21 20 36 5
30 35 111 4
33 7 17 7
37 22 52 7
13 22 19 7
22 32 58 5
20 36 77 4
8 6 12 1
6 32 16 5
4 11 6 3
28 18 55 4
38 5 19 5
