50
80000000
1000
4251
4088
4849
3887
4791
4387
4715
4453
4141
5072
5654
5490
4285
4986
4497
4786
5351
4244
5660
4818
5837
5025
5842
5185
5160
5954
5865
5654
4957
5205
5726
5639
5217
5445
4936
5637
6054
6793
5386
6806
5663
6072
6374
5901
6400
6105
6955
5883
5251
6811
6718
6994
5997
6467
6314
5065
6823
7325
6362
7848
6117
6338
6688
5250
6188
7310
7384
6756
7053
6914
7458
7496
7375
6356
7046
5958
7162
7301
6204
7916
6254
7963
6308
8139
6840
7229
5728
7363
7533
5540
6776
6939
6325
7275
8345
7171
6957
7105
7688
6068
7847
7207
7467
5704
7047
8373
6778
7538
7409
7635
7110
8219
8609
8171
8091
6463
6591
8314
6604
9062
8588
7615
6468
8552
7275
7547
7719
8302
6502
7499
8278
8488
8189
7186
7828
7322
7990
7646
7418
7667
7832
7049
7521
8348
8347
6210
8803
8428
8453
7711
6946
7744
7078
7501
7518
7473
6949
7733
8542
9017
7644
6814
7557
8219
8665
7801
8064
8147
7186
7986
7780
7559
7901
7506
7940
7958
7765
8038
6906
7937
7933
7829
8174
7475
7528
7715
8217
6969
7123
7108
7696
7637
7247
8140
7265
7777
7132
6591
7884
7066
7848
6917
7829
8307
7465
7372
7611
7078
8382
6989
7582
8090
7515
6518
6945
7401
7194
6930
7128
7397
7599
7429
7302
6243
7403
7772
7363
7307
6830
8069
7721
7210
6464
7080
6954
6571
6321
7179
7257
8018
6309
6901
8152
6692
5780
7226
8179
6740
5559
6416
6395
6267
6477
7614
7144
7860
7974
6081
6482
7732
7909
7803
6659
7174
7067
7580
7436
6905
6336
6902
7191
7923
6459
7303
8359
6893
6405
8069
5096
6825
6553
6459
5805
7549
6328
6421
8225
6426
7064
6208
6763
7235
5990
5352
6849
7978
8439
6021
8757
6947
7539
7358
8601
7780
6503
5836
6839
6056
6733
6242
7501
7263
8088
7953
8135
7298
6682
6825
7222
7719
7356
6588
5561
6260
6364
7556
7119
7278
6948
7673
7891
6286
7725
6575
8256
7760
7886
7386
7951
6197
8238
6927
6537
8456
6377
6521
7863
7586
7162
7586
7729
7646
6486
7258
7653
7641
7085
8004
7281
7530
8272
6848
7870
7027
7019
8105
7658
8026
7246
7584
7172
8006
7696
7700
6843
8289
7643
7427
8413
8258
8484
8162
7383
8393
8496
8027
8313
8033
7215
8408
7420
7778
8630
8112
7670
8610
7130
8052
7985
7094
8099
7764
7393
7848
7997
7836
7511
7300
8826
7809
8144
8882
9263
8161
7479
8087
8903
7643
6801
7943
7121
8159
9050
7184
8405
9078
7736
8260
9462
8374
8090
8309
6630
8954
9106
8691
8258
8485
7759
8212
8707
7704
8082
8438
7488
8000
7290
8503
8003
7949
9727
8613
8457
9413
8356
7790
8465
7684
7423
9065
8495
8152
8892
8834
8298
7718
8046
8929
7296
8614
7724
7642
6841
8354
7583
6841
7956
7118
6917
7938
7939
7267
8464
6634
7422
8051
7905
7323
7305
5990
7884
6269
7869
7747
7304
7839
7549
7064
7926
7658
8316
8194
8471
6120
7922
7699
5803
7719
7447
6776
6639
7302
7395
6392
7055
7195
7449
6994
7195
7848
8427
7154
7589
8310
7530
7480
6992
6949
8253
7385
6427
5653
5964
6393
6498
7008
6626
6733
7110
6524
7171
5985
7139
7188
6518
6314
6915
6620
6436
6765
6581
5911
6242
6047
5906
5603
6598
5762
5928
5446
6151
5380
6518
5704
5484
6233
5698
5942
5526
6272
5344
5209
5249
5683
6420
5715
4938
5237
4774
5041
4812
5642
5628
5144
5277
4932
4484
5064
4281
5382
4905
4933
5235
5525
4489
5075
5808
4648
4981
5561
5154
4870
5247
5281
5185
4191
4290
3490
4629
4639
3882
4655
4975
5032
4457
4219
4392
4749
5336
4228
5242
3247
4545
2940
5010
3454
4023
4744
5008
4426
3705
4325
4754
2386
4938
2939
5023
4163
4823
4290
3207
4731
3778
3177
5044
4488
3900
3582
4846
3456
2981
4322
2694
3005
3582
2986
4027
3160
4023
4323
4374
2637
4647
4068
3330
4609
2318
3106
4641
4247
2819
3736
3141
2687
1924
3597
2641
4629
3906
2298
3188
2690
2527
4909
3993
3405
3715
4140
2315
4330
2859
3648
4214
2236
2963
3512
3680
1846
3415
2444
2941
4843
4356
2626
4164
2768
2249
3103
2395
2579
4040
3224
2864
2995
3655
3420
4874
3663
3739
3626
3531
3373
3252
3698
3988
3465
4265
3760
3067
3998
3673
3976
4261
2804
4454
4045
4398
3717
3377
3763
4843
3621
4213
4393
4631
4283
4596
3531
4434
4428
4189
3817
3725
3577
4021
5162
4389
4901
3615
3832
3879
4239
3844
3870
3989
4463
4071
4227
4474
4031
4804
4886
4502
4014
4840
4268
4447
4717
4708
4115
4545
5122
5221
4727
4733
4945
5577
4331
5128
6033
5512
4854
4934
5291
5321
5627
3918
5678
5536
5310
5531
5603
5128
4706
4087
4317
5241
5038
5186
4610
4507
6846
5559
5083
4659
5544
4217
6068
6007
5062
4339
4423
5075
5731
4225
4094
4972
4554
5119
5750
5937
6115
6820
4412
6935
4385
4448
5304
6795
4866
4905
5273
4974
6133
5758
6543
5820
6059
5062
5068
5073
5335
6418
5042
7026
6175
6777
5826
5059
5545
4313
5855
6121
5975
5306
6472
5298
5480
7087
6669
6749
5942
6524
6804
6654
6502
5921
7070
5335
4756
6373
4763
5706
5965
5815
6138
6874
5229
5331
5466
6038
7030
6894
6368
5453
6819
6781
5959
6331
6015
6464
6730
5335
6470
5981
5175
6054
6078
5257
5797
6090
4771
5512
4923
5597
5349
7127
5803
5532
5743
5059
5769
5258
5166
6717
5588
6408
6512
5863
5678
6003
6064
5834
5588
5266
5177
5596
5460
4943
5086
5725
5203
5539
5732
5214
6254
4844
5870
5866
5305
5375
4940
6030
5293
5565
5900
5268
6017
5460
5906
5878
5413
4681
5931
5417
5926
6140
6088
5324
5190
5528
5621
5334
5794
5861
5425
4965
5264
5145
5666
5193
4105
5093
4510
5747
5384
5658
5285
4928
5357
6035
5812
4704
5181
4897
5333
6321
4805
6115
4917
80
1 97 265 434
2 140 787 961
3 134 173 496
4 61 722 994
5 82 8 323
6 355 69 676
7 8 750 981
8 538 114 973
9 177 699 973
10 5 985 995
11 7 85 802
12 79 442 650
13 204 119 594
14 23 943 981
15 54 789 919
16 76 679 952
17 268 190 466
18 231 314 752
19 417 525 964
20 116 814 932
21 97 466 990
22 91 896 989
23 55 883 994
24 172 378 840
25 31 928 967
26 313 249 660
27 161 600 904
28 48 719 960
29 13 571 956
30 284 188 919
31 9 986 998
32 94 54 848
33 5 948 955
34 6 982 999
35 165 536 708
36 13 349 739
37 76 363 937
38 40 496 772
39 61 918 982
40 294 38 671
41 616 139 976
42 131 59 989
43 3 974 985
44 253 290 665
45 179 256 981
46 609 156 979
47 492 123 780
48 335 567 929
49 327 166 534
50 20 955 977
51 578 195 849
52 160 712 892
53 255 442 935
54 418 442 914
55 222 39 957
56 96 242 823
57 252 385 908
58 211 336 560
59 69 704 843
60 62 481 598
61 92 5 722
62 124 212 793
63 23 440 925
64 146 705 931
65 42 841 968
66 34 419 779
67 69 25 514
68 52 309 879
69 86 496 623
70 13 668 869
71 39 153 226
72 363 162 866
73 174 45 408
74 24 812 992
75 582 296 968
76 279 530 965
77 335 584 929
78 298 3 726
79 408 303 956
80 53 828 963
