10
3000000
100
4834
4100
4759
5037
5576
7225
6844
6147
7964
6882
7683
6076
7361
8059
7168
7270
7136
7830
5940
5870
7031
6702
6275
7929
6992
7240
7621
5723
6559
5807
6872
7359
7044
7652
7223
7347
8662
8256
7549
8207
9238
8325
7555
7916
7451
9089
7546
6306
6611
6287
6844
6199
5239
5599
4818
5334
4535
4518
5450
3021
4696
4581
3678
2680
4525
3056
3427
3529
3781
4277
4941
4266
4589
5831
5906
4701
6133
5406
5521
5922
6680
6472
5307
4985
5823
4653
5442
4567
4879
5064
4415
4248
3758
3301
4160
5269
4384
3693
4295
5213
30
1 2 73 79
2 6 30 91
3 18 58 91
4 14 62 87
5 3 90 99
6 6 90 97
7 2 96 99
8 23 3 95
9 7 46 59
10 14 71 99
11 47 22 70
12 15 38 73
13 4 83 92
14 2 77 99
15 26 56 95
16 3 91 99
17 15 70 92
18 53 17 99
19 38 11 91
20 9 88 97
21 68 16 91
22 47 22 78
23 11 39 87
24 3 64 88
25 2 96 99
26 2 96 99
27 18 61 87
28 20 20 73
29 40 22 82
30 9 52 64
