50
220000000
5
1000
4251
4088
4849
3887
4791
4387
4715
4453
4141
5072
5654
5490
4285
4986
4497
4786
5351
4244
5660
4818
5837
5025
5842
5185
5160
5954
5865
5654
4957
5205
5726
5639
5217
5445
4936
5637
6054
6793
5386
6806
5663
6072
6374
5901
6400
6105
6955
5883
5251
6811
6718
6994
5997
6467
6314
5065
6823
7325
6362
7848
6117
6338
6688
5250
6188
7310
7384
6756
7053
6914
7458
7496
7375
6356
7046
5958
7162
7301
6204
7916
6254
7963
6308
8139
6840
7229
5728
7363
7533
5540
6776
6939
6325
7275
8345
7171
6957
7105
7688
6068
7847
7207
7467
5704
7047
8373
6778
7538
7409
7635
7110
8219
8609
8171
8091
6463
6591
8314
6604
9062
8588
7615
6468
8552
7275
7547
7719
8302
6502
7499
8278
8488
8189
7186
7828
7322
7990
7646
7418
7667
7832
7049
7521
8348
8347
6210
8803
8428
8453
7711
6946
7744
7078
7501
7518
7473
6949
7733
8542
9017
7644
6814
7557
8219
8665
7801
8064
8147
7186
7986
7780
7559
7901
7506
7940
7958
7765
8038
6906
7937
7933
7829
8174
7475
7528
7715
8217
6969
7123
7108
7696
7637
7247
8140
7265
7777
7132
6591
7884
7066
7848
6917
7829
8307
7465
7372
7611
7078
8382
6989
7582
8090
7515
6518
6945
7401
7194
6930
7128
7397
7599
7429
7302
6243
7403
7772
7363
7307
6830
8069
7721
7210
6464
7080
6954
6571
6321
7179
7257
8018
6309
6901
8152
6692
5780
7226
8179
6740
5559
6416
6395
6267
6477
7614
7144
7860
7974
6081
6482
7732
7909
7803
6659
7174
7067
7580
7436
6905
6336
6902
7191
7923
6459
7303
8359
6893
6405
8069
5096
6825
6553
6459
5805
7549
6328
6421
8225
6426
7064
6208
6763
7235
5990
5352
6849
7978
8439
6021
8757
6947
7539
7358
8601
7780
6503
5836
6839
6056
6733
6242
7501
7263
8088
7953
8135
7298
6682
6825
7222
7719
7356
6588
5561
6260
6364
7556
7119
7278
6948
7673
7891
6286
7725
6575
8256
7760
7886
7386
7951
6197
8238
6927
6537
8456
6377
6521
7863
7586
7162
7586
7729
7646
6486
7258
7653
7641
7085
8004
7281
7530
8272
6848
7870
7027
7019
8105
7658
8026
7246
7584
7172
8006
7696
7700
6843
8289
7643
7427
8413
8258
8484
8162
7383
8393
8496
8027
8313
8033
7215
8408
7420
7778
8630
8112
7670
8610
7130
8052
7985
7094
8099
7764
7393
7848
7997
7836
7511
7300
8826
7809
8144
8882
9263
8161
7479
8087
8903
7643
6801
7943
7121
8159
9050
7184
8405
9078
7736
8260
9462
8374
8090
8309
6630
8954
9106
8691
8258
8485
7759
8212
8707
7704
8082
8438
7488
8000
7290
8503
8003
7949
9727
8613
8457
9413
8356
7790
8465
7684
7423
9065
8495
8152
8892
8834
8298
7718
8046
8929
7296
8614
7724
7642
6841
8354
7583
6841
7956
7118
6917
7938
7939
7267
8464
6634
7422
8051
7905
7323
7305
5990
7884
6269
7869
7747
7304
7839
7549
7064
7926
7658
8316
8194
8471
6120
7922
7699
5803
7719
7447
6776
6639
7302
7395
6392
7055
7195
7449
6994
7195
7848
8427
7154
7589
8310
7530
7480
6992
6949
8253
7385
6427
5653
5964
6393
6498
7008
6626
6733
7110
6524
7171
5985
7139
7188
6518
6314
6915
6620
6436
6765
6581
5911
6242
6047
5906
5603
6598
5762
5928
5446
6151
5380
6518
5704
5484
6233
5698
5942
5526
6272
5344
5209
5249
5683
6420
5715
4938
5237
4774
5041
4812
5642
5628
5144
5277
4932
4484
5064
4281
5382
4905
4933
5235
5525
4489
5075
5808
4648
4981
5561
5154
4870
5247
5281
5185
4191
4290
3490
4629
4639
3882
4655
4975
5032
4457
4219
4392
4749
5336
4228
5242
3247
4545
2940
5010
3454
4023
4744
5008
4426
3705
4325
4754
2386
4938
2939
5023
4163
4823
4290
3207
4731
3778
3177
5044
4488
3900
3582
4846
3456
2981
4322
2694
3005
3582
2986
4027
3160
4023
4323
4374
2637
4647
4068
3330
4609
2318
3106
4641
4247
2819
3736
3141
2687
1924
3597
2641
4629
3906
2298
3188
2690
2527
4909
3993
3405
3715
4140
2315
4330
2859
3648
4214
2236
2963
3512
3680
1846
3415
2444
2941
4843
4356
2626
4164
2768
2249
3103
2395
2579
4040
3224
2864
2995
3655
3420
4874
3663
3739
3626
3531
3373
3252
3698
3988
3465
4265
3760
3067
3998
3673
3976
4261
2804
4454
4045
4398
3717
3377
3763
4843
3621
4213
4393
4631
4283
4596
3531
4434
4428
4189
3817
3725
3577
4021
5162
4389
4901
3615
3832
3879
4239
3844
3870
3989
4463
4071
4227
4474
4031
4804
4886
4502
4014
4840
4268
4447
4717
4708
4115
4545
5122
5221
4727
4733
4945
5577
4331
5128
6033
5512
4854
4934
5291
5321
5627
3918
5678
5536
5310
5531
5603
5128
4706
4087
4317
5241
5038
5186
4610
4507
6846
5559
5083
4659
5544
4217
6068
6007
5062
4339
4423
5075
5731
4225
4094
4972
4554
5119
5750
5937
6115
6820
4412
6935
4385
4448
5304
6795
4866
4905
5273
4974
6133
5758
6543
5820
6059
5062
5068
5073
5335
6418
5042
7026
6175
6777
5826
5059
5545
4313
5855
6121
5975
5306
6472
5298
5480
7087
6669
6749
5942
6524
6804
6654
6502
5921
7070
5335
4756
6373
4763
5706
5965
5815
6138
6874
5229
5331
5466
6038
7030
6894
6368
5453
6819
6781
5959
6331
6015
6464
6730
5335
6470
5981
5175
6054
6078
5257
5797
6090
4771
5512
4923
5597
5349
7127
5803
5532
5743
5059
5769
5258
5166
6717
5588
6408
6512
5863
5678
6003
6064
5834
5588
5266
5177
5596
5460
4943
5086
5725
5203
5539
5732
5214
6254
4844
5870
5866
5305
5375
4940
6030
5293
5565
5900
5268
6017
5460
5906
5878
5413
4681
5931
5417
5926
6140
6088
5324
5190
5528
5621
5334
5794
5861
5425
4965
5264
5145
5666
5193
4105
5093
4510
5747
5384
5658
5285
4928
5357
6035
5812
4704
5181
4897
5333
6321
4805
6115
4917
5
100
1 97 265 434
2 140 787 961
3 134 173 496
4 61 722 994
5 82 8 323
6 355 69 676
7 8 750 981
8 538 114 973
9 177 699 973
10 5 985 995
11 7 85 802
12 79 442 650
13 204 119 594
14 23 943 981
15 54 789 919
16 76 679 952
17 268 190 466
18 231 314 752
19 417 525 964
20 116 814 932
21 10 204 657
22 10 70 952
23 10 92 781
24 10 204 925
25 10 191 748
26 10 116 673
27 10 248 598
28 10 166 465
29 10 193 934
30 10 155 935
31 10 242 964
32 10 75 742
33 10 63 531
34 10 202 976
35 10 167 558
36 10 184 965
37 10 171 772
38 10 226 773
39 10 170 847
40 10 143 448
41 10 110 622
42 10 124 882
43 10 62 409
44 10 127 423
45 10 67 665
46 10 137 987
47 10 119 607
48 10 35 390
49 10 156 621
50 10 238 527
51 10 226 495
52 10 193 502
53 10 245 738
54 10 67 468
55 10 131 777
56 10 180 895
57 10 183 737
58 10 162 703
59 10 60 507
60 10 141 876
61 10 0 588
62 10 111 391
63 10 91 946
64 10 249 707
65 10 9 267
66 10 207 836
67 10 126 664
68 10 11 788
69 10 119 694
70 10 92 359
71 10 138 464
72 10 5 382
73 10 86 353
74 10 166 980
75 10 44 441
76 10 101 885
77 10 182 448
78 10 58 870
79 10 50 757
80 10 146 995
81 10 7 843
82 10 90 419
83 10 215 554
84 10 206 955
85 10 21 276
86 10 235 872
87 10 246 531
88 10 77 796
89 10 201 528
90 10 53 847
91 10 161 920
92 10 171 435
93 10 199 636
94 10 231 786
95 10 218 813
96 10 110 634
97 10 232 524
98 10 23 825
99 10 32 964
100 10 13 441
100
1 92 5 722
2 124 212 793
3 23 440 925
4 146 705 931
5 42 841 968
6 34 419 779
7 69 25 514
8 52 309 879
9 86 496 623
10 13 668 869
11 39 153 226
12 363 162 866
13 174 45 408
14 24 812 992
15 582 296 968
16 279 530 965
17 335 584 929
18 298 3 726
19 408 303 956
20 53 828 963
21 10 206 608
22 10 137 879
23 10 63 332
24 10 238 880
25 10 166 698
26 10 88 899
27 10 225 825
28 10 41 450
29 10 241 831
30 10 174 878
31 10 43 505
32 10 231 624
33 10 212 870
34 10 235 584
35 10 211 801
36 10 19 389
37 10 244 740
38 10 126 911
39 10 235 737
40 10 229 988
41 10 186 728
42 10 187 835
43 10 138 433
44 10 241 862
45 10 165 607
46 10 134 621
47 10 114 701
48 10 100 581
49 10 85 403
50 10 153 899
51 10 72 366
52 10 104 611
53 10 44 983
54 10 228 612
55 10 108 753
56 10 104 768
57 10 12 311
58 10 160 901
59 10 234 828
60 10 220 918
61 10 2 335
62 10 221 815
63 10 167 463
64 10 21 934
65 10 28 992
66 10 127 882
67 10 22 353
68 10 226 968
69 10 247 985
70 10 141 487
71 10 140 581
72 10 30 652
73 10 117 457
74 10 219 998
75 10 230 997
76 10 227 895
77 10 42 828
78 10 47 736
79 10 99 493
80 10 22 809
81 10 216 929
82 10 243 819
83 10 156 649
84 10 17 387
85 10 160 455
86 10 206 675
87 10 241 657
88 10 162 637
89 10 84 904
90 10 213 760
91 10 245 497
92 10 181 849
93 10 70 982
94 10 132 490
95 10 241 525
96 10 38 322
97 10 73 949
98 10 155 871
99 10 68 756
100 10 207 888
100
1 46 811 972
2 87 62 880
3 119 384 962
4 206 315 913
5 80 832 970
6 46 819 961
7 46 690 900
8 336 251 754
9 94 472 648
10 127 334 926
11 56 482 895
12 919 6 938
13 272 618 973
14 244 200 976
15 491 90 697
16 299 474 983
17 813 17 980
18 99 736 848
19 72 191 854
20 587 227 995
21 10 207 854
22 10 166 605
23 10 176 454
24 10 10 473
25 10 64 832
26 10 166 544
27 10 57 837
28 10 108 894
29 10 203 687
30 10 64 595
31 10 76 427
32 10 155 990
33 10 119 515
34 10 68 637
35 10 99 735
36 10 25 687
37 10 197 455
38 10 68 965
39 10 166 786
40 10 176 997
41 10 115 971
42 10 8 459
43 10 51 895
44 10 238 538
45 10 59 431
46 10 20 842
47 10 204 466
48 10 144 638
49 10 74 827
50 10 175 761
51 10 39 915
52 10 189 756
53 10 183 685
54 10 196 728
55 10 13 800
56 10 12 623
57 10 21 667
58 10 235 970
59 10 222 746
60 10 170 970
61 10 21 986
62 10 129 586
63 10 20 773
64 10 212 585
65 10 100 368
66 10 27 936
67 10 222 472
68 10 171 630
69 10 118 832
70 10 7 395
71 10 124 646
72 10 63 876
73 10 201 949
74 10 3 324
75 10 6 752
76 10 238 662
77 10 179 922
78 10 106 699
79 10 86 475
80 10 218 767
81 10 91 590
82 10 200 536
83 10 217 473
84 10 31 458
85 10 151 702
86 10 40 411
87 10 79 689
88 10 124 548
89 10 31 539
90 10 110 689
91 10 74 645
92 10 140 782
93 10 165 560
94 10 142 724
95 10 89 819
96 10 81 723
97 10 178 983
98 10 30 657
99 10 167 672
100 10 99 934
100
1 550 34 803
2 7 188 647
3 217 433 785
4 286 219 686
5 32 511 763
6 26 750 926
7 53 936 990
8 125 532 950
9 45 812 989
10 178 668 928
11 16 831 922
12 143 733 953
13 215 531 852
14 11 756 791
15 355 121 972
16 277 702 985
17 272 317 889
18 98 843 972
19 114 655 909
20 62 213 764
21 10 213 739
22 10 133 948
23 10 89 565
24 10 98 999
25 10 27 504
26 10 186 448
27 10 182 820
28 10 194 857
29 10 212 768
30 10 184 838
31 10 53 551
32 10 178 744
33 10 226 835
34 10 174 573
35 10 15 824
36 10 82 871
37 10 230 950
38 10 244 685
39 10 63 842
40 10 228 941
41 10 162 471
42 10 215 831
43 10 125 842
44 10 190 949
45 10 146 422
46 10 26 766
47 10 79 401
48 10 217 927
49 10 155 767
50 10 229 946
51 10 13 924
52 10 127 941
53 10 87 995
54 10 232 754
55 10 62 987
56 10 137 507
57 10 5 779
58 10 24 784
59 10 54 821
60 10 172 504
61 10 85 623
62 10 194 896
63 10 110 947
64 10 116 666
65 10 160 631
66 10 183 723
67 10 188 799
68 10 165 981
69 10 82 400
70 10 187 557
71 10 40 771
72 10 33 940
73 10 109 980
74 10 114 452
75 10 38 637
76 10 166 666
77 10 39 573
78 10 69 790
79 10 72 887
80 10 19 469
81 10 48 792
82 10 42 428
83 10 41 568
84 10 40 729
85 10 69 898
86 10 46 840
87 10 190 811
88 10 237 657
89 10 29 541
90 10 84 904
91 10 99 477
92 10 113 661
93 10 169 941
94 10 62 624
95 10 104 727
96 10 233 845
97 10 207 942
98 10 165 838
99 10 79 731
100 10 93 418
100
1 3 738 767
2 60 173 547
3 107 368 933
4 17 959 976
5 88 416 933
6 62 712 790
7 85 398 785
8 304 432 887
9 526 290 906
10 101 544 930
11 791 135 993
12 4 888 974
13 30 465 837
14 55 712 951
15 185 724 996
16 214 595 830
17 264 483 947
18 201 563 943
19 301 485 979
20 229 225 900
21 10 39 458
22 10 243 589
23 10 179 872
24 10 151 475
25 10 78 882
26 10 105 597
27 10 121 597
28 10 217 739
29 10 206 886
30 10 178 457
31 10 22 912
32 10 73 370
33 10 42 457
34 10 42 873
35 10 231 482
36 10 191 693
37 10 89 755
38 10 127 384
39 10 155 808
40 10 75 370
41 10 117 418
42 10 152 699
43 10 79 761
44 10 108 488
45 10 85 409
46 10 112 370
47 10 83 468
48 10 10 346
49 10 220 716
50 10 104 802
51 10 39 618
52 10 181 770
53 10 100 427
54 10 94 845
55 10 106 882
56 10 17 979
57 10 122 475
58 10 113 771
59 10 81 393
60 10 168 508
61 10 179 501
62 10 45 577
63 10 203 603
64 10 26 918
65 10 162 621
66 10 179 570
67 10 79 835
68 10 77 611
69 10 90 723
70 10 180 913
71 10 195 459
72 10 138 941
73 10 67 566
74 10 231 973
75 10 228 672
76 10 50 896
77 10 84 966
78 10 115 720
79 10 13 495
80 10 233 758
81 10 210 748
82 10 167 746
83 10 28 596
84 10 82 351
85 10 157 678
86 10 122 454
87 10 80 854
88 10 128 987
89 10 120 736
90 10 71 792
91 10 231 951
92 10 243 985
93 10 222 536
94 10 215 858
95 10 62 727
96 10 170 678
97 10 46 707
98 10 205 903
99 10 165 971
100 10 113 639
