50
450000000
3
5000
3437
4286
3011
3667
4122
3448
4284
3713
4519
4254
3896
4085
4105
4097
4702
3367
4045
3407
4237
4378
3450
3594
4801
3737
4570
4053
4630
3976
4089
4442
3672
3688
3991
4622
4481
4565
4819
4764
4794
4253
4185
4619
3693
4925
4615
3457
4309
4574
4898
4415
3966
3894
4513
4651
5286
4821
3981
4745
3579
4966
4933
4826
4794
4508
4521
3576
4244
5367
4147
4111
4270
4688
4315
4273
4146
4579
3706
4577
4475
4603
4885
4976
4121
4111
4586
3889
3831
5291
4970
4330
5191
4362
5601
5239
4957
4387
4754
5126
4793
4924
5095
5577
4982
5208
5640
4464
4547
4351
4181
5040
5494
3874
4793
5724
4188
4331
4621
4546
4637
4644
5582
5046
4616
5876
4581
4493
4891
5242
4509
5894
5118
5083
4024
5779
4752
4882
5028
4558
4439
5501
4653
4382
5136
4446
3733
5169
4920
4793
5578
5044
4850
4950
5837
5623
4292
4906
5897
5420
5330
6287
4801
4975
5631
5145
4980
5746
5152
5255
3871
5439
6374
5131
5047
5818
5314
5446
4588
4788
5120
4224
4779
5613
4710
4831
4865
6801
5453
5444
4933
4416
5774
4701
5440
6482
4947
5142
4172
5150
5951
5888
6045
5867
5662
5847
5908
4666
4611
4980
5872
5551
5070
5367
6481
5126
4431
6417
5902
6854
5638
5553
4155
5121
5804
5603
5890
6215
4688
6219
5318
5758
6622
4687
6537
5820
6438
6110
6196
4629
5336
6354
7324
5428
6350
4948
6475
6115
5245
6347
4956
5767
6103
4238
6405
6349
6366
5196
4692
7185
6977
6404
5899
5066
5953
5792
6117
4425
5533
6609
6124
7034
7040
4927
5784
5784
6167
5512
6987
5934
5543
6993
4994
5276
5339
5225
5868
5544
5418
5090
6276
5908
6453
5346
5054
6191
6458
6081
6187
6509
6762
6090
5665
6901
6034
6806
7283
6346
5745
5746
6091
7434
7245
7207
5422
7075
6450
5272
6121
6274
6458
5720
7185
5949
7088
5547
6509
6834
7216
5376
6890
5861
6238
7493
5772
5843
5927
6940
6169
6168
6479
5112
5316
7050
6416
6695
5389
6924
5772
5671
8089
6643
6007
7648
6981
7187
6362
6402
7153
5925
5664
5386
7595
6867
6299
7351
6304
4906
7763
5489
6786
6867
7635
7125
6714
6244
6378
6289
6828
5655
5381
7477
6124
6782
7367
6031
6516
7227
6191
6703
6650
5830
6653
5678
6799
7374
6783
5079
6567
5166
7855
5867
6638
6648
6470
6008
5578
6879
7067
6705
6755
7278
8108
6091
7193
6051
6242
6340
6868
7560
7336
6611
7236
7470
7136
7426
6342
5951
6185
5983
6218
7201
5596
7390
6875
5859
6527
6918
7084
7500
6253
6516
7922
7066
6895
7286
6201
6784
7332
7428
6068
7495
7353
6066
6766
6132
7275
6348
6175
5800
5582
5156
6739
7043
6397
6498
6350
7248
7701
6821
7185
7835
7996
6412
6730
5457
6257
5426
5481
7850
8003
6117
7563
7054
7049
7902
6377
5974
7399
6558
6792
7542
6377
6431
7272
6933
6690
7674
7673
7495
7515
7078
6281
6299
7814
5649
7839
7100
6081
7192
7817
5766
7508
6853
7489
5591
5715
7551
5846
7481
7143
6402
7077
6004
5999
6826
7076
7371
7129
6880
7631
7575
6661
7584
6281
6125
6704
7097
7061
6744
6475
8537
5951
7309
6708
6215
5186
6627
7401
6785
5704
6120
5468
5944
6421
7152
6652
6737
6319
7749
6550
7071
7813
6620
7142
7668
7693
6942
6085
6908
5562
6283
6976
6937
6576
6005
6824
7172
6718
6591
8497
8201
6702
8004
6816
6704
7339
7516
7728
6264
7146
6519
7582
7835
7363
6089
8324
7163
6035
7728
5929
7686
6163
7078
7092
5826
6896
7502
6101
6424
7461
6215
7701
7176
6021
7997
6295
7421
6807
7747
5761
5986
6517
7479
6183
6903
5820
7759
7571
7674
6987
6655
5522
7598
7695
6261
6439
6843
7063
7631
7549
5767
7988
6414
7112
7024
6531
7771
7477
8079
6394
6709
6280
6985
6941
7512
7069
7092
8295
7066
7557
7800
5936
6916
7165
7170
6774
7070
7483
7054
7642
7177
6861
6685
7238
6953
7926
6886
7245
7357
6302
6983
6280
7080
7447
6788
7870
7536
6816
6813
7923
7434
7055
6057
7201
6613
6356
6780
7044
6864
6807
7775
6352
7818
6880
6386
7150
7729
6004
7288
7005
6390
6267
7007
6981
6874
7019
7286
6426
6184
6841
7032
7456
7621
7213
8066
6835
6680
5952
7764
6416
6753
6830
7260
5787
8048
6905
6834
7030
7042
7473
7270
7156
7168
7265
7178
6684
7548
7446
7047
6330
7530
7215
7600
7264
7557
7309
7297
7516
7208
6566
7346
6251
7374
6569
7215
6634
7414
5674
7219
6826
6951
6498
7522
7424
7200
7602
6538
6998
7002
6511
6638
6357
6230
6341
7354
6578
6557
7088
6576
7170
7209
6970
6851
6994
6133
6067
6350
6264
6549
6721
7106
6944
7363
6581
7011
7226
6977
6813
5997
6938
7334
7035
7137
6540
7237
6423
6276
7300
7256
6360
7020
5946
6665
6924
7171
6929
6760
6808
6286
7594
5995
7097
7027
7065
7487
7154
6916
6369
6662
6152
6322
6555
6749
6396
6750
5959
7112
6493
6477
6678
7127
7204
7084
5987
6506
6643
6248
6508
7209
5824
7393
6515
7083
6900
6639
6761
7101
6468
6589
7293
5966
5892
6431
6634
7593
6868
5828
6616
6846
7008
7012
6919
6598
6851
5879
6179
6948
6221
6165
6921
6226
5852
6951
6831
7171
6400
7012
6810
6389
6779
6138
6618
6870
6460
6809
6147
7392
5953
6220
6972
6049
5522
6870
7170
6889
6242
6740
6234
6223
5925
7133
6254
6810
6479
5950
6408
7104
6788
7238
7122
6119
5954
6312
6442
6038
6352
6904
6305
6721
6723
7131
6922
6374
6718
6884
7049
7077
6887
6632
5555
7125
6646
5511
6944
5620
6670
5745
6847
6038
5958
5714
7105
6517
5908
7233
6864
5726
6818
6582
7265
6673
6424
5945
7066
6139
6394
7121
7215
6726
6959
7321
5980
7154
5923
7267
7001
6576
5661
6697
5867
6902
5443
6440
6319
6342
7221
4842
6324
6616
6715
6792
6619
6161
6753
5125
5198
5327
6971
5965
7042
6181
5607
6429
5942
6968
6746
7326
5444
6455
6556
6434
6574
6328
6851
5382
6503
4992
5611
6287
6237
6863
6983
5999
6927
7548
6859
5674
6860
6715
5730
6670
5713
4762
6588
6334
5139
6471
7265
6860
6823
5457
6261
6525
7496
6741
6485
6470
6484
5253
5751
6275
6061
5975
5872
7193
5618
5800
7454
5932
5270
7138
6353
6932
6670
5673
6267
4883
5729
6292
6962
5640
6028
6353
6246
6376
6685
6670
6866
6262
6974
5412
6337
6250
7534
7786
5142
5706
6046
6907
5779
5343
6592
6669
5894
6470
5823
5930
7238
4526
6401
7529
5599
7494
6098
6591
6700
4944
7191
6509
6920
6908
6663
6839
7054
5519
6142
6345
5578
7009
6111
5886
5411
5897
5629
5647
6314
5571
5335
5676
5771
6046
6384
5664
5791
5841
6251
6806
5798
5202
6947
6521
6338
5276
6125
5550
5071
5800
5701
5801
6919
7085
6373
6023
6825
4864
6605
5472
6297
6313
5296
6363
5220
4423
5245
6742
6192
6771
6114
7083
5862
5215
7650
6093
7142
6566
5540
6378
4720
5169
6912
6096
5263
7529
5616
4783
6543
5290
6558
5942
5853
6582
5369
5078
6366
6233
5609
5800
5552
5951
6130
6967
6114
7077
6701
7153
5728
5108
6580
5758
7256
5869
6349
4760
6917
7500
6548
6767
5378
6407
6031
6497
7226
5130
7000
6945
5230
6588
6439
6983
7988
6695
5879
7406
6732
5418
6420
4759
6765
5206
6760
6524
6110
6815
5873
5909
5544
7315
6383
5817
6898
5383
6964
8042
7176
5982
7141
6679
6646
6751
5504
7003
6254
4918
6499
5172
6481
6785
6738
7061
5556
7316
5272
7716
4742
6470
6234
5900
5905
4982
5520
5809
6901
7311
5607
6148
5008
5996
6222
4662
6986
6975
6137
7101
6770
6742
5979
6605
6270
5642
5677
5770
5939
6725
6319
6462
6279
6328
7468
5833
5983
6821
5693
7103
7341
7037
6926
6242
4911
5214
5793
7421
4979
5484
7154
6905
6475
6890
5569
6958
7070
7131
6206
5638
4841
6632
6151
5941
5888
6988
5284
6198
7557
6145
6292
6768
5899
6110
6432
5281
5516
5989
6844
6204
7607
7206
4662
7019
6497
6487
6386
7430
6603
7037
5721
6080
6476
7247
6254
5664
6849
6342
6891
6421
6406
5410
6840
6510
5499
6272
6821
5233
7395
7508
6211
6973
6257
6798
6888
6110
6835
5603
6312
6864
7099
6879
6859
6267
5272
5888
6647
6489
6503
6091
5228
7223
6569
5592
7536
7774
7378
5893
5110
7149
5961
5232
6701
7423
5293
7286
6362
6620
6660
6359
6720
5551
5360
5696
5513
6574
6999
7671
7160
5953
6498
6861
6733
6195
6457
6696
7919
5934
6448
6612
6391
6977
6798
6748
6350
8147
7595
7114
6884
6861
5059
6009
6719
5999
5656
5974
7637
7131
5754
6448
6640
7050
5541
7260
6709
7495
6617
5748
8025
7356
7581
7521
7100
7797
6110
6587
6866
6703
6180
7506
6535
7144
6269
6750
7019
5796
6893
6014
6072
6016
8106
6433
6142
7392
7301
6889
6951
7759
6919
6523
7277
7647
6779
7527
6250
5435
7541
6945
6108
8060
6567
7762
7716
6606
5862
7145
6980
7088
7206
7091
7291
6182
6564
6539
6225
6867
6838
6291
6791
7433
7258
6739
7076
7553
7641
7250
7920
6758
6435
7058
7577
6157
7221
6262
6913
6855
7566
6841
7611
7036
7036
6432
6839
6284
7214
7605
6531
7494
7405
6592
6755
7395
6866
7021
6971
6493
6792
7073
7053
6864
6741
7750
7361
6837
6773
7709
7442
6822
7239
6727
7530
7382
7065
6320
7531
6824
7365
6381
6903
7414
6531
7505
7499
6795
7956
7483
6483
7385
6597
6995
7525
8022
7845
7992
7036
7713
6630
7420
6857
6685
7069
7536
7236
7267
7990
8128
6939
7186
7276
7588
7365
7034
6417
8115
7631
8065
6705
7186
6699
6531
6799
6941
7450
7509
8102
7457
7977
6612
7772
8016
7992
7756
7549
6724
7820
6904
7922
7366
6994
7928
7295
7872
6809
7173
6627
7491
6996
7796
8221
7466
6815
7904
6911
6964
7284
7629
6922
7885
6939
7212
7087
6669
7325
8218
7168
7685
6841
7827
7352
6918
8027
7513
7100
7205
7501
6825
7669
7945
6998
6718
7108
7231
7944
7657
7463
7189
7373
6828
7143
7100
7829
8112
7845
7088
7098
8304
7891
6751
6815
7875
7627
7945
7332
7409
7962
7403
7684
7677
8019
7228
7875
7634
8092
7456
6952
8603
7402
7420
8223
7061
7811
8181
8132
7562
7833
7229
7283
8623
7031
8652
7676
8216
8654
8258
7677
7459
8247
7739
7869
7929
8046
8407
7875
8196
7910
8657
8701
7779
7432
8058
8434
7958
7984
7680
8342
7157
7697
7038
6947
7303
7493
7420
7500
7760
7082
7297
7410
7987
8231
6975
7962
8401
8583
7884
7724
7150
7947
7257
8499
7498
7838
8497
7500
8774
8527
7303
6788
7689
7376
8182
8766
7642
8229
7199
7250
7101
7155
7602
6783
7166
8384
7840
7823
7693
8299
7246
7315
9053
7912
7567
7863
8627
8009
7176
8977
7672
8637
7014
7625
8442
7473
8211
8139
8276
8117
8235
7765
8676
8556
8601
8291
8226
7406
7686
8312
9019
6474
9414
7755
7862
8925
7189
8526
7397
8057
7801
9336
6887
7771
8025
8321
7013
7938
7148
8314
6715
7731
7995
8554
8242
7293
8490
7592
7342
8263
7262
9023
7441
7464
7947
7828
9220
9103
7263
7147
9518
7555
9629
8230
8057
7440
9413
7429
8025
8429
8046
8160
7143
8444
9385
8118
7639
8738
8502
8274
8757
8746
8017
9207
7643
7449
8743
8491
7835
8055
8131
7189
7213
8190
7810
7465
8354
8805
8245
7966
7535
7885
7242
6881
7656
7004
7994
7458
7850
8828
8304
8194
7497
7948
7346
9092
8499
8519
9922
6569
8303
8559
9360
7073
8595
8802
9060
8531
7539
7543
8109
7576
8480
8500
9253
8624
8125
8951
7226
7197
8017
7850
8960
7873
8040
7867
8032
7603
6898
6902
9018
9118
7940
7729
7699
7983
7746
7243
9459
8293
9231
8120
8494
8453
7852
7771
9376
7775
6795
6930
8103
7777
7696
8689
8670
9043
8952
8240
8554
7632
8936
8132
7344
8512
8654
6309
6751
8246
7616
9017
8483
8407
8923
7453
8854
9979
7766
9536
7641
6908
7423
7923
7512
7306
7339
8639
8287
6639
9136
8452
7241
9082
8610
8437
8199
8296
7941
9482
6723
7313
8946
8510
9163
7201
8204
7398
9312
7508
9318
9207
7056
7096
7228
9047
8826
6588
8268
8520
9294
8267
8783
7987
7858
9174
7846
7434
6733
8691
8553
8063
8620
7545
8415
9031
8728
7589
8393
8149
8330
8011
8393
7021
7136
8527
7842
8302
8439
7021
7237
6784
7831
7141
7720
8049
8665
7060
7930
9102
6961
8151
8902
7218
8660
8522
7173
9615
7248
8075
8858
7589
7725
7483
8011
8449
6872
9013
7153
7184
9214
8605
9561
7690
6940
8030
7957
8349
8219
9190
7380
8368
7019
8055
8022
8879
8219
7744
6560
6813
7181
8301
7390
7494
7549
6993
8186
8485
9357
7990
7474
7391
6331
7878
6967
6689
6572
8953
8743
9210
7051
8461
8431
6673
8473
6229
7560
6509
7556
7818
7664
6968
7362
8359
8367
8672
7044
7792
7105
7709
8228
8070
6901
8214
6629
6123
8333
8644
6176
6650
8029
7502
6524
8279
6989
6803
6959
7612
8211
8281
7320
6253
7275
9105
7072
6913
8325
8356
7729
8186
7348
7094
7371
7025
7296
7672
7179
6114
6542
7088
7973
7183
7989
7768
7542
6596
8661
6833
8815
7391
6433
7691
6130
7762
7927
7266
6759
7988
6940
7858
7250
7803
7588
7390
7930
7814
7261
8080
7907
7365
6210
5892
7129
7699
7264
7293
7306
8456
6797
7025
8247
6395
7335
7132
7428
7826
7441
6979
7338
7218
7324
6550
6909
7018
6767
6696
6854
7590
7492
7202
7930
6741
7385
7468
6765
7364
7069
6794
8316
6685
7110
6955
7526
6800
7037
7020
7391
8102
8146
7153
8050
6992
7887
7281
8172
6575
7362
6939
7938
8082
7282
6540
6798
6591
6410
6681
7056
8183
5744
7014
6650
7317
7808
6473
7684
6273
6861
6480
7383
6773
7401
5890
6078
7827
6491
7157
6579
6112
7353
6957
7711
7978
6564
7101
6538
7106
6403
6750
7422
6381
6519
6152
6944
7496
6990
5960
6584
7166
7561
5702
6242
6194
6856
7712
6503
7186
6372
6989
7000
6843
7342
6165
6577
7121
7107
6125
6810
6695
7045
6867
6528
7357
6853
6662
5921
7436
6245
6422
6091
6438
6121
6681
6575
7468
6279
6905
7388
6906
7269
5938
6902
6951
6455
7180
5726
5751
6859
6291
7102
5910
6769
6972
6040
6782
5588
6386
6210
6796
6209
5887
6074
5895
5655
6600
5884
6413
5953
6223
6325
6915
6629
7159
6061
5829
7001
6245
5924
6609
6424
5736
5711
6329
5964
6571
7015
5665
6050
6249
6600
6150
5527
6019
6077
6389
6189
5293
5356
5835
5670
6210
5695
6320
6333
6057
5923
5475
6445
6009
5696
6865
6415
6150
6428
5694
6806
6547
5443
6096
6680
6068
5741
6423
5389
5949
6434
6283
5351
5386
5427
6064
6240
6600
5630
5925
5730
6283
5270
5141
5341
5461
5742
6484
6310
5159
5578
5470
5203
5446
6260
6388
5161
5869
6088
6002
5906
5833
5048
5630
5452
5726
5129
6045
6279
6364
5810
4958
6291
5507
5058
6205
6164
5244
5847
5324
5254
5061
5468
6212
5476
4793
4674
6134
6006
5435
6069
5355
5347
5133
5324
5378
5752
5013
5967
5095
4977
5224
5327
6241
5391
5040
5854
4576
5233
4878
4755
4750
4755
5226
5699
4848
5899
5961
4795
5900
5940
5193
5977
4810
6388
5611
5133
5541
5356
5066
5454
5878
4492
4488
4942
4465
5027
5233
4994
4702
5970
5483
5266
5481
5295
5134
6044
5434
4372
4608
4586
5513
5722
4955
5648
6137
4172
4427
4783
5308
5137
5581
4812
4788
5019
4217
5040
4859
5010
4829
5385
4970
4148
4580
5776
4691
5160
5560
5796
5701
5073
4642
4930
4813
5680
5004
5009
4640
6048
4928
5076
5615
5368
5079
5055
5999
4855
4300
5270
5131
5388
5213
3477
3792
5180
4745
5055
6046
4897
4918
5879
3947
5683
5149
5509
5252
4585
4488
4748
4720
4343
4233
5326
4099
4137
4647
3996
4485
4574
4169
3192
4971
5304
5254
4541
5522
5408
4196
4691
4481
4578
5463
4147
5086
4738
5331
3672
4347
5484
4826
3216
5038
2916
3901
3760
4080
3749
5023
4393
5108
3532
4699
4647
3550
5536
4802
3588
4871
3170
4467
4006
3268
3438
4884
4505
5014
4690
4211
4375
4711
3344
4923
4317
4622
3065
3315
5908
4630
4774
5329
4030
4312
4269
3545
4753
3365
3584
3824
3442
4110
4333
4304
4041
3854
4106
3438
4266
4688
5647
4732
5606
3534
3553
5237
4303
4423
4003
5067
2489
5508
4627
3545
3629
4082
4283
4745
3261
4579
3112
3757
4662
3329
3801
3315
4177
5502
4659
4439
3659
2822
4953
5180
4014
4239
2824
3248
4380
3408
4250
4942
4852
3675
4868
4747
3260
3444
3431
5605
3784
3253
3955
2645
5026
4209
3332
4258
3955
4752
4698
4165
3737
3780
3537
4649
3627
4676
4235
4443
3615
3359
3685
3846
5493
2621
2683
2894
3526
4381
3519
2471
2576
4892
3333
3187
4018
3627
3947
4511
2797
3308
3379
4414
2830
3182
2586
2142
5235
2113
4691
2833
3544
3462
2129
2893
2317
4343
3323
3073
3339
4426
4916
3157
2341
3125
4304
3050
3147
4447
4981
4331
4270
3639
4199
3127
3364
4060
2929
3753
5066
4061
3327
2320
2898
4359
3111
3207
3323
4175
3481
4297
5288
3698
3376
4798
4104
2667
4483
3584
3962
4121
4569
2806
3721
2755
3415
3310
2753
2664
4210
3557
3338
2924
2914
3394
2089
4877
3936
3707
2546
3426
4532
4397
4011
3457
3178
1948
2113
2216
3888
3549
2859
2628
5319
2294
4731
2316
3925
2415
4664
4596
4250
2199
3291
3662
1821
2849
2749
4677
3210
3225
4081
2921
4319
2552
2259
4027
2845
3689
3832
3704
4409
4701
3049
3253
2410
3514
3253
4837
2655
3587
3093
4987
3658
3887
1990
4072
5265
3829
4549
2941
2857
4673
3990
4410
4466
2853
4304
2768
3004
3510
3891
2414
3479
3752
3500
3004
4327
4221
3209
3861
3887
2281
3483
3485
4902
3828
4582
4725
3597
4128
3013
4483
4101
2950
3347
2986
4983
2909
4800
3356
4743
3604
5289
4023
4250
3863
4035
3060
3721
3189
3107
3785
3746
4586
3557
4413
4524
3333
3933
4003
3708
2358
2734
4280
5413
3426
2833
2818
3326
2269
4202
3135
4449
3129
4291
3154
2635
4426
4618
3872
3290
4488
3281
4373
4093
3310
4069
4721
4065
3417
3798
4024
3568
4042
2237
2252
3504
2816
3853
4518
3570
4788
2791
3541
3913
4828
3814
3224
3279
3106
3846
2655
3560
4448
3379
2683
3455
3817
2827
4080
3757
3711
3450
2913
3120
3929
2984
3420
4052
4405
3463
2576
4147
2838
3690
4457
3590
3428
4380
2851
4221
4865
3713
4189
3059
3018
4270
3218
3755
3527
3628
3394
4382
3636
3077
2366
3717
3961
3220
4793
3179
2483
3837
3816
4266
4482
4834
4127
2774
3294
3490
3943
3537
2946
3642
3713
4288
4818
3701
4165
4135
3700
3288
3825
3210
3587
4348
3210
3239
3260
4026
3506
4419
4140
3216
3378
3834
3972
4509
3304
3846
3859
4012
4549
3018
3235
3655
4362
3844
3820
4404
3248
4456
3454
3202
4699
3290
3647
4099
4608
4561
4064
2623
4403
3999
3654
3752
4410
3199
3785
3325
3714
5105
4251
3856
3739
3660
4522
4284
3526
3773
3219
3404
4197
3994
4029
4481
3457
4822
3042
4215
4005
2955
3489
4519
4616
3233
3952
3818
3913
4295
4840
3795
4104
3671
3773
4332
3625
3685
4433
3504
4375
3176
3997
3340
3842
3754
4195
4700
4063
3712
3245
4416
3893
4173
3489
4299
4546
5018
4394
4333
4203
4174
4278
4431
4142
4264
4135
4641
4413
3690
3554
3786
4299
4554
4435
4224
4105
4275
3640
4233
4152
4426
3951
4181
4223
4432
4163
3980
3819
4213
4416
3803
4797
4209
3296
4597
4876
4325
3504
4443
3993
3401
3628
3585
4028
4258
3715
3422
3803
4129
4150
4462
3699
4097
4103
3971
4156
4304
4287
4556
4960
4690
3999
4652
4702
4128
4082
3824
4268
4232
4775
4776
4414
4069
3784
4330
4175
4147
4663
4921
3720
4420
4280
4577
4451
4372
4511
3819
4325
4407
3904
4207
4013
5193
3827
4758
3993
3328
4011
4518
4184
3844
3807
3662
4212
5010
3801
4800
4773
3721
4708
4026
3999
4670
4239
4814
4933
4232
4185
4806
4596
4515
4808
3796
4130
4526
4629
4089
4240
5368
3638
5168
3369
4133
4613
4927
4127
5561
5463
4784
4961
5353
4527
4439
4083
4710
4235
4254
4879
5048
4138
4161
4201
5406
5084
4524
4398
5062
5474
5249
4226
4065
4669
4446
4110
4018
4360
4498
3993
4204
4444
4618
4006
5115
3874
4327
4763
4965
4730
3962
4879
5008
4407
4360
4325
5211
4628
4838
4199
4115
4932
3268
4133
4383
4943
4381
4221
5092
5419
4644
4817
4160
5426
5269
4577
3669
3915
4380
4713
5050
5145
3668
4816
5647
4140
4850
4438
5339
3243
5821
4759
4997
5924
4013
4452
4684
5176
5428
4307
3415
5100
4446
4691
3992
4913
4716
5084
4351
5088
4903
4428
5431
4749
4477
4477
5356
4420
5074
3682
3646
5555
6111
4757
4384
4495
4356
6106
3882
4818
4188
4821
5190
5225
3993
6049
4485
5243
4909
4346
5813
4750
3811
3929
5750
4202
4763
3499
4716
4741
5665
4052
5818
4466
5286
4329
6012
4460
4264
3535
4823
5167
4829
5718
4408
4788
5552
4785
5443
3417
4776
4383
4442
5019
4984
3592
5849
5095
4291
4779
4284
6078
5893
4385
4232
5380
4716
5316
4846
4298
5525
4022
3672
5353
4042
5340
5432
3642
5021
5190
5321
4857
4802
5228
4980
4520
6260
3189
4286
6096
4822
4407
5847
5533
4983
4671
4001
6017
5323
3183
4816
5703
6069
6319
4992
5537
6132
4880
4305
4855
3933
4478
4715
3971
5154
4147
4064
5516
5582
4348
5934
4178
4748
3676
5109
4245
5377
5221
4676
5591
5567
4766
3932
5723
4697
4554
6024
4856
4233
4567
4412
3704
3515
5687
6475
5275
5267
3695
4456
5695
6724
4424
5447
5388
5341
5752
5542
5821
5556
5587
5053
4869
4860
5510
4175
4057
5969
5123
5479
4906
6218
5963
5080
5735
5243
6377
6113
5078
4261
6073
5475
4812
4856
4733
3931
5401
5745
4338
4486
4571
6022
4046
6093
6305
4196
4717
4613
5303
3694
5675
5316
3946
5907
5066
4182
5221
4409
6094
4803
5396
4932
5530
6484
4922
4667
5027
4807
6624
4378
4745
5749
5338
5345
4830
5181
6146
5777
4061
5062
5342
4662
4408
5544
6528
5454
4884
5011
5026
6188
4910
5502
5027
6156
4580
4766
5002
5596
5554
5806
5869
4472
5291
5042
4193
5528
4786
4668
4659
5427
3872
4908
4721
5229
4034
6572
4878
4232
5962
5576
4833
4366
5954
6189
5410
5830
5516
4468
6130
4872
5510
4669
5643
5979
4130
5275
4822
5338
4807
6037
4972
6008
4243
5190
5228
5237
5907
4514
4575
4274
3681
4673
6761
5463
5397
4813
6270
3906
5619
4447
5219
4408
3819
4558
4624
4419
6060
5457
6033
3685
5073
4369
5235
5584
4486
5036
4153
5843
6299
5406
5044
5125
6397
4033
5901
5394
4084
5153
5595
5036
4730
5017
3993
3658
4058
4234
4488
4836
5758
5588
4883
4479
5660
5073
4889
5552
4138
5758
6133
4762
3948
4890
5159
3831
4903
4956
4769
5585
6356
4655
4483
6058
4096
4244
4952
5382
4460
6187
3402
4064
3807
5050
5356
4491
5338
6007
4077
4367
5920
5026
4311
3991
5847
4063
5137
4254
5964
6001
4627
5163
4811
5516
4591
4600
5145
5299
3610
5280
4114
5567
5072
4735
4294
5424
4636
5577
5018
5250
4100
5004
4935
5098
5378
3865
4821
4089
4456
5176
4616
5936
5018
4961
5060
4890
3864
5704
5456
3971
4604
4725
4719
4586
4342
5458
4407
5311
4309
5171
4864
4160
5034
4604
4042
4572
4814
5121
4780
3999
4441
4362
4531
3652
5447
4925
4385
5295
4475
4767
4768
3346
3901
3801
4491
4726
4462
4971
4507
5579
4681
4981
5162
4282
5174
3873
4493
5336
3887
4479
4621
4821
5064
5330
5005
4477
3476
4567
4053
5385
4483
4334
3974
3764
5062
3524
4829
4905
4702
4640
4376
4188
5420
4746
5313
4205
4459
3635
4469
5093
4062
4248
4740
4832
3625
4704
4603
4685
4053
4885
4764
4904
4328
4249
4111
3904
4460
3863
4389
4530
4969
3685
5340
4040
4604
3381
4852
3922
4810
4865
4702
5391
4566
4372
4065
4386
4559
4910
3878
4140
4428
5197
4440
4116
4120
4863
4749
4421
4197
4040
4610
4324
4796
4100
3597
4171
3584
3936
5111
4631
4575
5012
3859
3908
4591
4384
3901
4787
3804
4212
3759
4042
3784
4220
4635
4201
3949
4033
3500
4622
4362
4263
3870
3927
3553
4686
3289
4392
4834
4372
4524
4248
4377
4563
4198
3622
5072
3741
3799
4595
3925
3770
3930
4885
4902
4753
3727
4357
4168
3546
4473
4205
4263
4673
4364
4097
3750
3346
3689
4481
4370
3730
3733
3768
4744
4971
4966
4932
3629
4434
4458
4101
3621
4126
3566
4821
4217
4587
3756
3887
3889
3767
4347
3874
4168
4305
3682
3959
4903
4292
4790
4342
3711
3734
4557
4533
3566
3508
4676
3711
3359
3542
3049
4380
4379
4363
4513
4513
3945
4364
4105
4634
3785
4224
3296
3514
3893
3493
4325
4351
4919
3918
5038
3934
4374
3902
4704
4690
3693
3598
4531
4252
3727
3522
3951
4705
4089
4127
3798
4780
4942
3430
3364
4180
3248
3885
3929
3472
4128
4568
4025
3864
3885
4900
4043
3859
3498
3851
3633
4050
3850
4561
4227
4629
4568
4359
3437
3026
3027
3813
3490
4118
3136
3985
3848
4398
3515
4407
3345
2567
4566
3343
3647
3269
3645
3835
3531
3487
3654
3612
4511
4059
3804
4053
3503
3748
3837
3594
3864
3170
3002
3750
4500
3775
3484
4323
3683
3691
3620
2717
3711
3978
2482
3184
3362
4339
3658
3840
4397
4514
3069
3613
4151
3858
3593
3671
3178
4678
3537
3592
4321
3837
3637
4151
3702
3824
3809
3754
3520
3647
4745
3264
3230
3818
4093
3121
3463
4162
2715
4368
5055
3009
3604
3799
3656
3476
4160
3810
4376
4609
3796
3735
3353
3229
3535
4258
4791
3221
3779
2800
3383
2912
3601
3677
4763
3114
3940
3927
4046
4525
3639
5134
3618
3952
3269
4766
4724
3852
4603
5301
4130
3009
3174
2949
3794
3184
3245
3090
4321
4139
2893
3734
4881
3406
2992
3465
3514
3120
4291
3527
3653
4821
3790
3109
3033
3324
3831
3711
3521
3506
4419
4466
3962
3079
3543
3025
3570
3004
2298
4476
3555
3708
3493
3329
3135
3328
4029
3530
3833
2594
3903
3333
3208
3607
5382
4774
4055
2847
3365
3112
3542
2931
3176
2317
3514
3358
3071
2530
4752
3883
3758
3186
3344
3816
4764
3859
3748
4526
4860
4514
5005
4421
4554
3082
3807
3911
4532
2469
4099
3875
3693
3484
2415
4827
5064
3660
2641
3471
5053
4415
2086
4084
2876
2320
5122
4717
3465
5027
4553
2383
4588
2536
2892
3634
3787
3433
5080
3155
3483
3184
2194
2558
3860
3046
3415
3981
3614
3299
3798
3771
4231
3511
3345
3994
2984
3264
2964
2126
4007
3731
4697
2217
4940
4571
3785
5089
3034
3579
3071
4964
4651
3294
3428
4821
2685
3802
2506
3622
2375
4189
2583
2326
4070
3627
3009
4312
4022
3433
3051
3105
3325
2990
4320
3598
4354
4212
3333
2748
3395
2915
4249
3005
3195
2918
2415
4820
2914
4016
5393
2993
3724
4614
3131
2532
3206
4603
3517
3685
2934
4422
5276
3921
2427
4702
2927
4334
3747
4362
3236
2113
3007
4759
4449
3280
4176
3718
3354
4442
2962
2588
4092
4849
4857
2634
5129
2270
3488
4311
4845
4706
4496
4076
4171
5275
3723
3276
4563
4614
5208
5232
4144
4943
4840
2972
3497
3975
4346
3745
5380
2352
2961
3945
3235
5175
4720
5573
4018
3899
4865
5529
4621
3313
2995
2772
3241
5063
4517
3849
3798
4340
3477
4022
4655
3756
5613
3247
3998
4491
4137
4729
4983
2364
3994
3679
2944
3799
5248
3451
3919
3266
4128
4188
4268
4688
5456
2662
5432
4619
3436
5612
5233
3257
4443
5136
4353
4153
4436
5840
5313
3271
4499
5069
4139
5065
4001
4033
4941
4457
3531
4773
5462
4347
5171
4970
4013
3239
5262
4185
5713
4209
3612
3953
4977
5238
4418
2949
3308
4200
5079
5807
4678
4390
4816
4630
4954
3564
4624
4477
4612
4534
4293
3314
4927
2890
4751
4315
3612
3961
5400
3584
3283
3306
3640
4191
5421
4396
5296
4748
3240
4376
4208
4680
3454
4804
4227
4606
4326
4978
3256
4121
4992
3638
4810
4251
3534
5079
3792
3733
4582
3783
4802
5197
4484
4812
4352
4078
3601
4363
4627
5553
4284
4638
4273
3810
4530
5538
4567
5233
4632
4366
5102
4802
3584
4885
4309
5521
4177
3683
4403
4391
5116
4917
4586
5577
4912
4739
4273
5801
4548
4504
4544
5397
5329
4836
5568
5002
4887
5524
4226
4631
5078
5652
4523
5175
5089
5520
4586
4288
4730
3910
5039
5900
5630
5552
5599
3964
5425
3772
4464
4784
5858
6244
4597
5784
4535
5134
5456
5876
5058
5616
4923
4866
4689
4947
5340
4945
6365
4760
5267
4258
4363
4663
4829
4615
5740
4588
5695
5863
5757
5283
5404
4749
5811
5411
4778
5259
5073
5357
4743
5114
4729
4964
5629
4609
5126
4565
4585
5173
4586
5481
5463
5478
5011
6095
5875
5546
4837
4783
4530
5941
5302
5357
5342
4834
5257
5394
5686
5079
6427
5233
5173
5555
5519
5501
6040
4707
4970
4869
5765
5078
6547
4691
5283
5680
5898
6150
5371
6094
5862
5849
5047
4650
5920
5637
4997
4775
5203
5245
5723
5805
5984
5371
6049
5525
5592
6256
5515
5771
5465
5635
5654
5546
5119
5936
5367
5194
5272
6300
6073
6492
5852
5386
5733
6234
200
1 522 2770 3349
2 239 3511 4879
3 231 3520 4465
4 2241 1314 4618
5 1806 73 3846
6 332 3821 4360
7 1011 2569 4425
8 216 3715 4276
9 132 4610 4780
10 427 4245 4999
11 186 4502 4841
12 964 3502 4850
13 3244 1490 4996
14 292 3303 4731
15 512 4410 4948
16 943 423 1403
17 168 4561 4915
18 1111 2700 4919
19 162 3842 4193
20 1945 2189 4139
21 19 3837 4537
22 1123 2342 4958
23 635 4219 4999
24 3866 821 4803
25 1576 327 4170
26 2593 40 3139
27 1200 285 1591
28 261 1729 4128
29 135 4608 4879
30 1158 2430 4132
31 560 320 992
32 1325 3295 4882
33 2501 1599 4580
34 1884 2155 4594
35 517 1875 4971
36 1281 1211 4893
37 1059 3215 4972
38 2866 891 3763
39 1541 410 3462
40 3138 107 4340
41 10 641 3619
42 10 859 3603
43 10 1187 3849
44 10 1212 3190
45 10 1183 4460
46 10 735 4513
47 10 331 1972
48 10 217 4619
49 10 1157 3086
50 10 264 4481
51 10 322 2453
52 10 98 4906
53 10 705 2143
54 10 1102 4695
55 10 660 3902
56 10 953 2954
57 10 5 1452
58 10 948 4122
59 10 659 2513
60 10 791 4871
61 10 1131 4797
62 10 859 3892
63 10 197 4550
64 10 106 4737
65 10 955 4029
66 10 887 4680
67 10 168 1794
68 10 999 4434
69 10 95 4468
70 10 340 2759
71 10 350 4813
72 10 1197 2938
73 10 541 3971
74 10 761 2521
75 10 544 1926
76 10 480 3627
77 10 344 4086
78 10 769 3213
79 10 240 4628
80 10 872 3423
81 10 133 1704
82 10 101 2753
83 10 307 4320
84 10 1233 4493
85 10 1107 3786
86 10 1044 4887
87 10 1134 3745
88 10 804 3991
89 10 430 3849
90 10 977 2921
91 10 239 2496
92 10 154 1585
93 10 412 4759
94 10 1022 3014
95 10 869 3637
96 10 1178 3329
97 10 643 3653
98 10 1076 2839
99 10 596 3620
100 10 514 3616
101 10 954 2551
102 10 70 3813
103 10 673 2191
104 10 319 1770
105 10 397 2803
106 10 1172 3525
107 10 1005 2706
108 10 1219 4117
109 10 62 3576
110 10 99 4094
111 10 868 4853
112 10 11 2071
113 10 928 4823
114 10 367 4892
115 10 173 4498
116 10 879 4604
117 10 377 2948
118 10 779 4581
119 10 786 4986
120 10 671 4636
121 10 898 3207
122 10 106 1710
123 10 727 2493
124 10 434 3334
125 10 1029 2821
126 10 166 4970
127 10 1215 4124
128 10 978 4130
129 10 42 3842
130 10 1001 4797
131 10 614 4125
132 10 218 1623
133 10 1244 4607
134 10 837 4672
135 10 939 3911
136 10 1200 3370
137 10 3 2286
138 10 992 2244
139 10 98 4915
140 10 1198 4011
141 10 888 4787
142 10 835 3691
143 10 376 3070
144 10 534 3077
145 10 1120 2978
146 10 371 3107
147 10 694 3581
148 10 1217 4060
149 10 91 3513
150 10 22 4518
151 10 95 3291
152 10 97 4881
153 10 186 4433
154 10 151 1915
155 10 758 2273
156 10 10 4821
157 10 77 2515
158 10 558 3618
159 10 213 2583
160 10 741 4579
161 10 129 4563
162 10 5 2738
163 10 215 3571
164 10 465 3539
165 10 756 3945
166 10 492 4980
167 10 699 2302
168 10 59 1695
169 10 670 3103
170 10 244 4324
171 10 897 3796
172 10 739 2993
173 10 223 2423
174 10 270 4801
175 10 497 4572
176 10 874 3352
177 10 279 4134
178 10 531 4416
179 10 1018 4939
180 10 1231 4963
181 10 578 2350
182 10 333 2558
183 10 745 2473
184 10 74 2333
185 10 22 4466
186 10 403 1672
187 10 1230 2589
188 10 323 4077
189 10 933 4447
190 10 302 1967
191 10 51 2071
192 10 1033 4957
193 10 33 4177
194 10 979 4952
195 10 128 2531
196 10 171 4103
197 10 1133 3336
198 10 24 3545
199 10 22 1922
200 10 5 2453
