100
82 79 2159
79 59 1553
31 38 392
7 11 25
75 79 1975
47 82 1284
51 47 799
88 27 792
56 25 466
55 52 953
19 23 145
76 34 861
34 17 192
31 32 330
89 52 1542
86 6 172
12 17 68
68 82 1858
52 63 1092
73 32 778
5 90 150
37 96 1184
69 96 2208
61 88 1789
53 37 653
46 80 1226
22 36 264
37 40 493
57 97 1843
50 37 616
72 81 1944
44 81 1188
83 72 1992
51 26 442
34 64 725
39 32 416
53 49 865
37 58 715
85 92 2606
34 69 782
50 7 116
47 90 1410
16 13 69
42 39 546
30 66 660
22 49 359
72 71 1704
19 49 310
40 79 1053
89 52 1542
38 43 544
86 10 286
75 47 1175
48 32 512
25 81 675
69 81 1863
67 21 469
68 15 340
49 49 800
59 15 295
73 59 1435
23 73 559
47 69 1081
29 28 270
28 61 569
67 6 134
27 11 99
82 91 2487
64 32 682
70 51 1190
28 74 690
21 72 504
28 59 550
27 68 612
64 92 1962
41 64 874
46 86 1318
91 34 1031
34 42 476
46 18 276
88 43 1261
25 78 650
96 21 672
13 72 312
61 65 1321
24 70 560
88 71 2082
79 83 2185
93 86 2666
22 10 73
94 88 2757
83 97 2683
28 98 914
49 12 196
42 76 1064
46 75 1150
76 74 1874
91 8 242
10 74 246
7 56 130
