100
25 18 150
35 16 186
11 28 102
36 8 96
12 19 76
8 4 10
13 8 34
34 21 238
27 13 117
34 35 396
18 13 78
25 29 241
17 37 209
34 8 90
35 30 350
5 18 30
8 19 50
15 9 45
37 32 394
30 36 360
29 34 328
28 20 186
31 35 361
9 35 105
24 14 112
14 6 28
34 31 351
19 34 215
18 9 54
26 7 60
13 5 21
15 25 125
26 13 112
18 18 108
25 35 291
12 8 32
9 22 66
26 4 34
14 24 112
15 37 185
6 12 24
19 32 202
28 17 158
21 13 91
34 16 181
36 28 336
28 19 177
37 31 382
30 26 260
22 17 124
38 16 202
9 24 72
7 12 28
38 15 190
17 13 73
31 38 392
4 29 38
34 37 419
7 14 32
17 13 73
31 14 144
4 5 6
5 27 45
31 37 382
9 33 99
25 5 41
19 30 190
5 16 26
10 28 93
12 33 132
10 30 100
4 8 10
24 4 32
5 12 20
22 26 190
31 23 237
19 20 126
14 4 18
32 16 170
24 20 160
11 18 66
24 6 48
25 13 108
15 18 90
13 16 69
11 25 91
36 26 312
34 20 226
8 6 16
6 12 24
30 22 220
19 6 38
17 33 187
26 12 104
9 18 54
19 37 234
18 28 168
10 23 76
18 20 120
9 18 54
