100
10 35 116
26 33 286
17 37 209
27 6 54
18 27 162
9 33 99
32 24 256
25 35 291
17 21 119
38 27 342
5 22 36
10 33 110
31 12 124
15 38 190
27 13 117
16 4 21
37 4 49
33 4 44
10 7 23
37 24 296
22 8 58
11 9 33
4 31 41
6 6 12
19 33 209
27 4 36
12 27 108
27 5 45
14 15 70
31 9 93
35 22 256
38 7 88
13 13 56
22 27 198
27 31 279
7 20 46
7 29 67
30 5 50
9 29 87
36 34 408
27 9 81
34 20 226
37 27 333
12 26 104
7 9 21
17 15 85
13 4 17
5 22 36
34 23 260
30 5 50
33 8 88
25 32 266
37 32 394
19 11 69
8 22 58
28 13 121
23 7 53
22 16 117
9 19 57
15 32 160
34 19 215
17 36 204
33 11 121
5 34 56
35 30 350
23 10 76
17 7 39
25 35 291
26 10 86
35 28 326
9 30 90
4 17 22
32 37 394
25 7 58
30 25 250
30 11 110
28 16 149
34 19 215
8 27 72
32 19 202
27 26 234
35 10 116
16 21 112
10 15 50
20 21 140
11 31 113
12 4 16
16 34 181
4 22 29
28 26 242
12 23 92
21 15 105
38 31 392
37 35 431
22 38 278
15 38 190
13 20 86
33 37 407
34 9 102
4 9 12
